vehicle_id,msg_seq,tx_t_s,rx_t_s,rx_ok,msg_type,tx_id,rx_id,cam_gdt_ms,pkt_uid
veh9,699722411827,,1.01233,0,CPM_DROP_PHY,2,9,699722411827,26
veh9,7844,,1.01608,0,CAM_DROP_PHY,5,9,7844,25
veh9,7877,,1.02333,0,CAM_DROP_PHY,4,9,7877,36
veh9,699722412020,,1.11233,0,CPM_DROP_PHY,2,9,699722412020,74
veh9,8066,,1.13408,0,CAM_DROP_PHY,8,9,8066,87
veh9,699722412033,,1.13608,0,CPM_DROP_PHY,5,9,699722412033,85
veh9,8076,,1.14158,0,CAM_DROP_PHY,3,9,8076,92
veh9,8092,,1.15133,0,CAM_DROP_PHY,7,9,8092,102
veh9,8109,,1.15458,0,CAM_DROP_PHY,6,9,8109,118
veh9,699722412101,,1.17458,0,CPM_DROP_PHY,6,9,699722412101,138
veh9,699722412106,,1.18333,0,CPM_DROP_PHY,4,9,699722412106,141
veh9,699722412136,,1.19408,0,CPM_DROP_PHY,8,9,699722412136,163
veh9,8171,,1.21233,0,CAM_DROP_PHY,2,9,8171,179
veh9,699722412232,,1.21233,0,CPM_DROP_PHY,2,9,699722412232,179
veh9,8250,,1.21608,0,CAM_DROP_PHY,5,9,8250,188
veh9,8264,,1.22333,0,CAM_DROP_PHY,4,9,8264,203
veh9,699722412249,,1.23608,0,CPM_DROP_PHY,5,9,699722412249,210
veh9,699722412262,,1.24158,0,CPM_DROP_PHY,3,9,699722412262,226
veh9,699722412287,,1.27458,0,CPM_DROP_PHY,6,9,699722412287,252
veh9,699722412293,,1.28333,0,CPM_DROP_PHY,4,9,699722412293,254
veh9,699722412320,,1.29408,0,CPM_DROP_PHY,8,9,699722412320,276
veh9,699722412408,,1.31233,0,CPM_DROP_PHY,2,9,699722412408,301
veh9,8452,,1.33408,0,CAM_DROP_PHY,8,9,8452,319
veh9,699722412420,,1.33608,0,CPM_DROP_PHY,5,9,699722412420,316
veh9,8457,,1.34158,0,CAM_DROP_PHY,3,9,8457,324
veh9,8469,,1.35133,0,CAM_DROP_PHY,7,9,8469,335
veh9,8480,,1.35458,0,CAM_DROP_PHY,6,9,8480,351
veh9,699722412468,,1.37458,0,CPM_DROP_PHY,6,9,699722412468,371
veh9,699722412474,,1.38333,0,CPM_DROP_PHY,4,9,699722412474,374
veh9,699722412501,,1.39408,0,CPM_DROP_PHY,8,9,699722412501,396
veh9,8536,,1.41233,0,CAM_DROP_PHY,2,9,8536,412
veh9,699722412598,,1.41233,0,CPM_DROP_PHY,2,9,699722412598,412
veh9,8616,,1.41608,0,CAM_DROP_PHY,5,9,8616,421
veh9,8630,,1.42333,0,CAM_DROP_PHY,4,9,8630,436
veh9,699722412714,,1.43608,0,CPM_DROP_PHY,5,9,699722412714,443
veh9,699722412728,,1.44158,0,CPM_DROP_PHY,3,9,699722412728,459
veh9,8768,1.45074,,0,CAM,9,,8768,-1
veh9,699722412770,,1.48333,0,CPM_DROP_PHY,4,9,699722412770,503
veh9,699722412798,,1.49408,0,CPM_DROP_PHY,8,9,699722412798,527
veh9,8835,,1.51233,0,CAM_DROP_PHY,2,9,8835,544
veh9,699722412891,,1.51233,0,CPM_DROP_PHY,2,9,699722412891,544
veh9,8939,,1.53408,0,CAM_DROP_PHY,8,9,8939,573
veh9,699722412907,,1.53608,0,CPM_DROP_PHY,5,9,699722412907,570
veh9,8944,,1.54158,0,CAM_DROP_PHY,3,9,8944,578
veh9,8967,1.55074,,0,CAM,9,,8967,-1
veh9,8957,,1.55133,0,CAM_DROP_PHY,7,9,8957,591
veh9,699722412923,,1.56158,0,CPM_DROP_PHY,3,9,699722412923,578
veh9,699722412764,,1.57458,0,CPM_DROP_PHY,6,9,699722412764,498
veh9,699722412968,,1.58333,0,CPM_DROP_PHY,4,9,699722412968,641
veh9,699722413000,,1.59408,0,CPM_DROP_PHY,8,9,699722413000,669
veh9,9034,,1.61233,0,CAM_DROP_PHY,2,9,9034,686
veh9,699722413099,,1.61233,0,CPM_DROP_PHY,2,9,699722413099,686
veh9,9116,,1.61608,0,CAM_DROP_PHY,5,9,9116,699
veh9,9132,,1.62333,0,CAM_DROP_PHY,4,9,9132,720
veh9,699722413116,,1.63608,0,CPM_DROP_PHY,5,9,699722413116,727
veh9,699722413130,,1.64158,0,CPM_DROP_PHY,3,9,699722413130,745
veh9,9170,1.65074,,0,CAM,9,,9170,-1
veh9,699722412961,,1.67458,0,CPM_DROP_PHY,6,9,699722412961,635
veh9,699722413167,,1.67633,0,CPM_DROP_PHY,4,9,699722413167,791
veh9,699722413200,,1.69408,0,CPM_DROP_PHY,8,9,699722413200,821
veh9,9234,,1.71233,0,CAM_DROP_PHY,2,9,9234,834
veh9,699722413289,,1.71233,0,CPM_DROP_PHY,2,9,699722413289,834
veh9,699722413301,,1.73608,0,CPM_DROP_PHY,5,9,699722413301,861
veh9,9335,,1.74158,0,CAM_DROP_PHY,3,9,9335,866
veh9,9358,1.75074,,0,CAM,9,,9358,-1
veh9,9348,,1.75133,0,CAM_DROP_PHY,7,9,9348,880
veh9,699722413315,,1.76158,0,CPM_DROP_PHY,3,9,699722413315,866
veh9,699722413161,,1.77458,0,CPM_DROP_PHY,6,9,699722413161,786
veh9,699722413358,,1.77633,0,CPM_DROP_PHY,4,9,699722413358,926
veh9,699722413384,,1.79408,0,CPM_DROP_PHY,8,9,699722413384,956
veh9,9495,,1.81608,0,CAM_DROP_PHY,5,9,9495,974
veh9,699722413478,,1.82308,0,CPM_DROP_PHY,2,9,699722413478,976
veh9,9524,,1.83408,0,CAM_DROP_PHY,8,9,9524,1000
veh9,699722413491,,1.83608,0,CPM_DROP_PHY,5,9,699722413491,990
veh9,9508,,1.83633,0,CAM_DROP_PHY,4,9,9508,987
veh9,699722413507,,1.84158,0,CPM_DROP_PHY,3,9,699722413507,1007
veh9,9554,1.85074,,0,CAM,9,,9554,-1
veh9,699722413511,,1.85133,0,CPM_DROP_PHY,7,9,699722413511,1008
veh9,699722413351,,1.87458,0,CPM_DROP_PHY,6,9,699722413351,920
veh9,699722413553,,1.87633,0,CPM_DROP_PHY,4,9,699722413553,1077
veh9,699722413583,,1.89408,0,CPM_DROP_PHY,8,9,699722413583,1104
veh9,9616,,1.90308,0,CAM_DROP_PHY,2,9,9616,1113
veh9,9597,,1.91458,0,CAM_DROP_PHY,10,9,9597,1092
veh9,699722413766,,1.91833,0,CPM_DROP_PHY,10,9,699722413766,1129
veh9,699722413772,,1.92308,0,CPM_DROP_PHY,2,9,699722413772,1132
veh9,699722413783,,1.93608,0,CPM_DROP_PHY,5,9,699722413783,1149
veh9,9818,,1.94158,0,CAM_DROP_PHY,3,9,9818,1161
veh9,9844,1.95074,,0,CAM,9,,9844,-1
veh9,699722413802,,1.95133,0,CPM_DROP_PHY,7,9,699722413802,1167
veh9,9836,,1.95133,0,CAM_DROP_PHY,7,9,9836,1167
veh9,699722413799,,1.96158,0,CPM_DROP_PHY,3,9,699722413799,1161
veh9,699722413548,,1.97458,0,CPM_DROP_PHY,6,9,699722413548,1071
veh9,9850,,1.97458,0,CAM_DROP_PHY,6,9,9850,1194
veh9,699722413843,,1.97633,0,CPM_DROP_PHY,4,9,699722413843,1221
veh9,699722413837,,1.98733,0,CPM_DROP_PHY,6,9,699722413837,1194
veh9,699722413868,,1.99408,0,CPM_DROP_PHY,8,9,699722413868,1250
veh9,9981,,2.01608,0,CAM_DROP_PHY,5,9,9981,1276
veh9,699722413965,,2.02308,0,CPM_DROP_PHY,2,9,699722413965,1279
veh9,699722413960,,2.03458,0,CPM_DROP_PHY,10,9,699722413960,1278
veh9,699722413984,,2.03608,0,CPM_DROP_PHY,5,9,699722413984,1294
veh9,10000,,2.03633,0,CAM_DROP_PHY,4,9,10000,1291
veh9,699722413998,,2.04158,0,CPM_DROP_PHY,3,9,699722413998,1313
veh9,10046,2.05074,,0,CAM,9,,10046,-1
veh9,699722414002,,2.05133,0,CPM_DROP_PHY,7,9,699722414002,1314
veh9,699722414036,,2.06733,0,CPM_DROP_PHY,6,9,699722414036,1365
veh9,699722414041,,2.07633,0,CPM_DROP_PHY,4,9,699722414041,1370
veh9,699722414074,,2.09408,0,CPM_DROP_PHY,8,9,699722414074,1396
veh9,10089,,2.09833,0,CAM_DROP_PHY,10,9,10089,1385
veh9,10108,,2.10308,0,CAM_DROP_PHY,2,9,10108,1406
veh9,699722414171,,2.12308,0,CPM_DROP_PHY,2,9,699722414171,1425
veh9,699722414165,,2.13458,0,CPM_DROP_PHY,10,9,699722414165,1422
veh9,699722414184,,2.13608,0,CPM_DROP_PHY,5,9,699722414184,1442
veh9,10219,,2.14608,0,CAM_DROP_PHY,3,9,10219,1454
veh9,10248,2.15074,,0,CAM,9,,10248,-1
veh9,699722414204,,2.15133,0,CPM_DROP_PHY,7,9,699722414204,1460
veh9,699722414200,,2.16608,0,CPM_DROP_PHY,3,9,699722414200,1454
veh9,10253,,2.16733,0,CAM_DROP_PHY,6,9,10253,1489
veh9,10237,,2.17133,0,CAM_DROP_PHY,7,9,10237,1460
veh9,699722414247,,2.17633,0,CPM_DROP_PHY,4,9,699722414247,1513
veh9,699722414241,,2.18733,0,CPM_DROP_PHY,6,9,699722414241,1489
veh9,699722414281,,2.19408,0,CPM_DROP_PHY,8,9,699722414281,1550
veh9,10394,,2.20833,0,CAM_DROP_PHY,5,9,10394,1576
veh9,699722414375,,2.21833,0,CPM_DROP_PHY,10,9,699722414375,1581
veh9,699722414380,,2.22308,0,CPM_DROP_PHY,2,9,699722414380,1583
veh9,699722414394,,2.22833,0,CPM_DROP_PHY,5,9,699722414394,1596
veh9,10411,,2.23633,0,CAM_DROP_PHY,4,9,10411,1594
veh9,699722414410,,2.24608,0,CPM_DROP_PHY,3,9,699722414410,1618
veh9,10427,,2.24958,0,CAM_DROP_PHY,8,9,10427,1611
veh9,10455,2.25074,,0,CAM,9,,10455,-1
veh9,699722414414,,2.25133,0,CPM_DROP_PHY,7,9,699722414414,1619
veh9,699722414445,,2.26733,0,CPM_DROP_PHY,6,9,699722414445,1671
veh9,699722414453,,2.27633,0,CPM_DROP_PHY,4,9,699722414453,1679
veh9,699722414485,,2.28958,0,CPM_DROP_PHY,8,9,699722414485,1710
veh9,10520,,2.30308,0,CAM_DROP_PHY,2,9,10520,1723
veh9,699722414574,,2.31833,0,CPM_DROP_PHY,10,9,699722414574,1735
veh9,699722414579,,2.32308,0,CPM_DROP_PHY,2,9,699722414579,1738
veh9,699722414590,,2.32833,0,CPM_DROP_PHY,5,9,699722414590,1749
veh9,10627,,2.34608,0,CAM_DROP_PHY,3,9,10627,1765
veh9,10652,2.35074,,0,CAM,9,,10652,-1
veh9,699722414611,,2.35133,0,CPM_DROP_PHY,7,9,699722414611,1772
veh9,699722414607,,2.36608,0,CPM_DROP_PHY,3,9,699722414607,1765
veh9,10658,,2.36733,0,CAM_DROP_PHY,6,9,10658,1799
veh9,699722414654,,2.37008,0,CPM_DROP_PHY,4,9,699722414654,1822
veh9,10643,,2.37133,0,CAM_DROP_PHY,7,9,10643,1772
veh9,699722414644,,2.38733,0,CPM_DROP_PHY,6,9,699722414644,1799
veh9,699722414785,,2.38958,0,CPM_DROP_PHY,8,9,699722414785,1866
veh9,10900,,2.40833,0,CAM_DROP_PHY,5,9,10900,1897
veh9,699722414885,,2.42308,0,CPM_DROP_PHY,2,9,699722414885,1906
veh9,699722414900,,2.42833,0,CPM_DROP_PHY,5,9,699722414900,1920
veh9,10917,,2.43008,0,CAM_DROP_PHY,4,9,10917,1918
veh9,699722414915,,2.44608,0,CPM_DROP_PHY,3,9,699722414915,1945
veh9,10959,2.45074,,0,CAM,9,,10959,-1
veh9,699722414918,,2.45133,0,CPM_DROP_PHY,7,9,699722414918,1947
veh9,699722414949,,2.46733,0,CPM_DROP_PHY,6,9,699722414949,1984
veh9,699722414957,,2.47008,0,CPM_DROP_PHY,4,9,699722414957,1989
veh9,699722414983,,2.48958,0,CPM_DROP_PHY,8,9,699722414983,2019
veh9,11020,,2.50308,0,CAM_DROP_PHY,2,9,11020,2036
veh9,699722414991,,2.50483,0,CPM_DROP_PHY,11,9,699722414991,2033
veh9,699722415086,,2.52308,0,CPM_DROP_PHY,2,9,699722415086,2059
veh9,699722415100,,2.52833,0,CPM_DROP_PHY,5,9,699722415100,2073
veh9,699722414880,,2.53458,0,CPM_DROP_PHY,10,9,699722414880,1901
veh9,699722415080,,2.53458,0,CPM_DROP_PHY,10,9,699722415080,2054
veh9,699722415126,,2.54158,0,CPM_DROP_PHY,7,9,699722415126,2098
veh9,11140,,2.54608,0,CAM_DROP_PHY,3,9,11140,2092
veh9,11136,,2.54958,0,CAM_DROP_PHY,8,9,11136,2090
veh9,11169,2.55074,,0,CAM,9,,11169,-1
veh9,11159,,2.56158,0,CAM_DROP_PHY,7,9,11159,2110
veh9,699722415122,,2.56608,0,CPM_DROP_PHY,3,9,699722415122,2092
veh9,11174,,2.56733,0,CAM_DROP_PHY,6,9,11174,2131
veh9,699722415170,,2.57008,0,CPM_DROP_PHY,4,9,699722415170,2151
veh9,699722415161,,2.58733,0,CPM_DROP_PHY,6,9,699722415161,2131
veh9,699722415202,,2.58958,0,CPM_DROP_PHY,8,9,699722415202,2191
veh9,11239,,2.60483,0,CAM_DROP_PHY,11,9,11239,2211
veh9,11316,,2.60833,0,CAM_DROP_PHY,5,9,11316,2229
veh9,699722415301,,2.62308,0,CPM_DROP_PHY,2,9,699722415301,2237
veh9,699722415316,,2.62833,0,CPM_DROP_PHY,5,9,699722415316,2250
veh9,11332,,2.63008,0,CAM_DROP_PHY,4,9,11332,2247
veh9,699722415338,,2.64158,0,CPM_DROP_PHY,7,9,699722415338,2280
veh9,11354,,2.64608,0,CAM_DROP_PHY,3,9,11354,2276
veh9,11379,2.65074,,0,CAM,9,,11379,-1
veh9,699722415335,,2.66608,0,CPM_DROP_PHY,3,9,699722415335,2276
veh9,699722415367,,2.66733,0,CPM_DROP_PHY,6,9,699722415367,2317
veh9,699722415376,,2.67008,0,CPM_DROP_PHY,4,9,699722415376,2325
veh9,699722415407,,2.68958,0,CPM_DROP_PHY,8,9,699722415407,2360
veh9,11442,,2.70308,0,CAM_DROP_PHY,2,9,11442,2375
veh9,11517,,2.70833,0,CAM_DROP_PHY,5,9,11517,2391
veh9,699722415513,,2.72833,0,CPM_DROP_PHY,5,9,699722415513,2410
veh9,699722415533,,2.74158,0,CPM_DROP_PHY,7,9,699722415533,2432
veh9,11549,,2.74608,0,CAM_DROP_PHY,3,9,11549,2429
veh9,11576,2.75074,,0,CAM,9,,11576,-1
veh9,11566,,2.76158,0,CAM_DROP_PHY,7,9,11566,2440
veh9,699722415530,,2.76608,0,CPM_DROP_PHY,3,9,699722415530,2429
veh9,11580,,2.76733,0,CAM_DROP_PHY,6,9,11580,2459
veh9,699722415576,,2.77008,0,CPM_DROP_PHY,4,9,699722415576,2475
veh9,699722415567,,2.78733,0,CPM_DROP_PHY,6,9,699722415567,2459
veh9,699722415607,,2.78958,0,CPM_DROP_PHY,8,9,699722415607,2515
veh9,11816,,2.80833,0,CAM_DROP_PHY,5,9,11816,2550
veh9,699722415816,,2.82383,0,CPM_DROP_PHY,5,9,699722415816,2565
veh9,11831,,2.83008,0,CAM_DROP_PHY,4,9,11831,2562
veh9,699722415498,,2.83083,0,CPM_DROP_PHY,10,9,699722415498,2395
veh9,699722415840,,2.84158,0,CPM_DROP_PHY,7,9,699722415840,2593
veh9,11855,,2.84608,0,CAM_DROP_PHY,3,9,11855,2590
veh9,11850,,2.84958,0,CAM_DROP_PHY,8,9,11850,2587
veh9,11881,2.85074,,0,CAM,9,,11881,-1
veh9,699722415836,,2.86608,0,CPM_DROP_PHY,3,9,699722415836,2590
veh9,699722415869,,2.86733,0,CPM_DROP_PHY,6,9,699722415869,2632
veh9,699722415878,,2.87008,0,CPM_DROP_PHY,4,9,699722415878,2642
veh9,699722415907,,2.88958,0,CPM_DROP_PHY,8,9,699722415907,2680
veh9,11944,,2.90308,0,CAM_DROP_PHY,2,9,11944,2699
veh9,11948,,2.90483,0,CAM_DROP_PHY,11,9,11948,2701
veh9,12020,,2.92383,0,CAM_DROP_PHY,5,9,12020,2719
veh9,699722416035,,2.94158,0,CPM_DROP_PHY,7,9,699722416035,2758
veh9,699722416015,,2.94383,0,CPM_DROP_PHY,5,9,699722416015,2719
veh9,12051,,2.94608,0,CAM_DROP_PHY,3,9,12051,2756
veh9,12078,2.95074,,0,CAM,9,,12078,-1
veh9,12068,,2.96158,0,CAM_DROP_PHY,7,9,12068,2765
veh9,699722416032,,2.96608,0,CPM_DROP_PHY,3,9,699722416032,2756
veh9,12083,,2.96733,0,CAM_DROP_PHY,6,9,12083,2788
veh9,699722416078,,2.97008,0,CPM_DROP_PHY,4,9,699722416078,2808
veh9,699722416069,,2.98733,0,CPM_DROP_PHY,6,9,699722416069,2788
veh9,699722416108,,2.98958,0,CPM_DROP_PHY,8,9,699722416108,2848
veh9,699722416118,,3.00483,0,CPM_DROP_PHY,11,9,699722416118,2862
veh9,699722416203,,3.02308,0,CPM_DROP_PHY,2,9,699722416203,2891
veh9,12218,,3.02383,0,CAM_DROP_PHY,5,9,12218,2886
veh9,12234,,3.03008,0,CAM_DROP_PHY,4,9,12234,2897
veh9,699722416000,,3.03083,0,CPM_DROP_PHY,10,9,699722416000,2720
veh9,699722416243,,3.04158,0,CPM_DROP_PHY,7,9,699722416243,2930
veh9,699722416217,,3.04383,0,CPM_DROP_PHY,5,9,699722416217,2886
veh9,12258,,3.04608,0,CAM_DROP_PHY,3,9,12258,2927
veh9,12284,3.05074,,0,CAM,9,,12284,-1
veh9,699722416239,,3.06608,0,CPM_DROP_PHY,3,9,699722416239,2927
veh9,699722416273,,3.06733,0,CPM_DROP_PHY,6,9,699722416273,2973
veh9,699722416282,,3.07008,0,CPM_DROP_PHY,4,9,699722416282,2982
veh9,699722416311,,3.08958,0,CPM_DROP_PHY,8,9,699722416311,3017
veh9,699722416320,,3.10183,0,CPM_DROP_PHY,11,9,699722416320,3029
veh9,12348,,3.10308,0,CAM_DROP_PHY,2,9,12348,3032
veh9,12425,,3.12383,0,CAM_DROP_PHY,5,9,12425,3053
veh9,699722416437,,3.14158,0,CPM_DROP_PHY,7,9,699722416437,3089
veh9,699722416419,,3.14383,0,CPM_DROP_PHY,5,9,699722416419,3053
veh9,699722416434,,3.14608,0,CPM_DROP_PHY,3,9,699722416434,3088
veh9,12481,3.15074,,0,CAM,9,,12481,-1
veh9,12469,,3.16158,0,CAM_DROP_PHY,7,9,12469,3097
veh9,12486,,3.16733,0,CAM_DROP_PHY,6,9,12486,3119
veh9,699722416482,,3.17008,0,CPM_DROP_PHY,4,9,699722416482,3137
veh9,699722416473,,3.18733,0,CPM_DROP_PHY,6,9,699722416473,3119
veh9,699722416514,,3.18958,0,CPM_DROP_PHY,8,9,699722416514,3173
veh9,699722416523,,3.20183,0,CPM_DROP_PHY,11,9,699722416523,3184
veh9,12553,,3.20183,0,CAM_DROP_PHY,11,9,12553,3184
veh9,699722416626,,3.22383,0,CPM_DROP_PHY,5,9,699722416626,3216
veh9,12643,,3.23008,0,CAM_DROP_PHY,4,9,12643,3212
veh9,699722416650,,3.24158,0,CPM_DROP_PHY,7,9,699722416650,3242
veh9,12666,,3.24608,0,CAM_DROP_PHY,3,9,12666,3239
veh9,12661,,3.24958,0,CAM_DROP_PHY,8,9,12661,3236
veh9,12694,3.25074,,0,CAM,9,,12694,-1
veh9,12683,,3.26158,0,CAM_DROP_PHY,7,9,12683,3254
veh9,699722416646,,3.26608,0,CPM_DROP_PHY,3,9,699722416646,3239
veh9,699722416686,,3.27983,0,CPM_DROP_PHY,6,9,699722416686,3294
veh9,699722416696,,3.28608,0,CPM_DROP_PHY,4,9,699722416696,3303
veh9,699722416826,,3.28958,0,CPM_DROP_PHY,8,9,699722416826,3340
veh9,12864,,3.30058,0,CAM_DROP_PHY,2,9,12864,3353
veh9,699722416835,,3.30183,0,CPM_DROP_PHY,11,9,699722416835,3350
veh9,12944,,3.32383,0,CAM_DROP_PHY,5,9,12944,3372
veh9,699722416940,,3.34383,0,CPM_DROP_PHY,5,9,699722416940,3372
veh9,699722416953,,3.34608,0,CPM_DROP_PHY,3,9,699722416953,3406
veh9,699722416957,,3.34658,0,CPM_DROP_PHY,7,9,699722416957,3407
veh9,13000,3.35074,,0,CAM,9,,13000,-1
veh9,13006,,3.35983,0,CAM_DROP_PHY,6,9,13006,3441
veh9,12989,,3.36658,0,CAM_DROP_PHY,7,9,12989,3417
veh9,699722416995,,3.37983,0,CPM_DROP_PHY,6,9,699722416995,3460
veh9,699722417005,,3.38608,0,CPM_DROP_PHY,4,9,699722417005,3473
veh9,699722417038,,3.38958,0,CPM_DROP_PHY,8,9,699722417038,3503
veh9,699722417047,,3.40183,0,CPM_DROP_PHY,11,9,699722417047,3513
veh9,699722416923,,3.42283,0,CPM_DROP_PHY,10,9,699722416923,3373
veh9,699722417146,,3.42383,0,CPM_DROP_PHY,5,9,699722417146,3556
veh9,13162,,3.42608,0,CAM_DROP_PHY,4,9,13162,3547
veh9,13183,,3.44608,0,CAM_DROP_PHY,3,9,13183,3573
veh9,699722417166,,3.44658,0,CPM_DROP_PHY,7,9,699722417166,3576
veh9,13210,3.45074,,0,CAM,9,,13210,-1
veh9,13199,,3.46058,0,CAM_DROP_PHY,7,9,13199,3587
veh9,699722417163,,3.46608,0,CPM_DROP_PHY,3,9,699722417163,3573
veh9,699722417200,,3.47983,0,CPM_DROP_PHY,6,9,699722417200,3619
veh9,699722417210,,3.48608,0,CPM_DROP_PHY,4,9,699722417210,3631
veh9,699722417239,,3.48958,0,CPM_DROP_PHY,8,9,699722417239,3664
veh9,13276,,3.50058,0,CAM_DROP_PHY,2,9,13276,3677
veh9,699722417248,,3.50183,0,CPM_DROP_PHY,11,9,699722417248,3674
veh9,13281,,3.50183,0,CAM_DROP_PHY,11,9,13281,3674
veh9,699722417342,,3.52058,0,CPM_DROP_PHY,2,9,699722417342,3701
veh9,699722417126,,3.52283,0,CPM_DROP_PHY,10,9,699722417126,3538
veh9,699722417337,,3.52283,0,CPM_DROP_PHY,10,9,699722417337,3699
veh9,13358,,3.52383,0,CAM_DROP_PHY,5,9,13358,3698
veh9,699722417377,,3.53883,0,CPM_DROP_PHY,3,9,699722417377,3740
veh9,699722417357,,3.54383,0,CPM_DROP_PHY,5,9,699722417357,3698
veh9,13394,,3.54583,0,CAM_DROP_PHY,8,9,13394,3737
veh9,699722417380,,3.54658,0,CPM_DROP_PHY,7,9,699722417380,3741
veh9,13427,3.55074,,0,CAM,9,,13427,-1
veh9,13432,,3.55983,0,CAM_DROP_PHY,6,9,13432,3779
veh9,13415,,3.56658,0,CAM_DROP_PHY,7,9,13415,3755
veh9,699722417422,,3.57983,0,CPM_DROP_PHY,6,9,699722417422,3802
veh9,699722417431,,3.58608,0,CPM_DROP_PHY,4,9,699722417431,3815
veh9,699722417468,,3.60183,0,CPM_DROP_PHY,11,9,699722417468,3850
veh9,699722417460,,3.60583,0,CPM_DROP_PHY,8,9,699722417460,3844
veh9,699722417547,,3.62283,0,CPM_DROP_PHY,10,9,699722417547,3867
veh9,699722417568,,3.62383,0,CPM_DROP_PHY,5,9,699722417568,3890
veh9,13584,,3.62608,0,CAM_DROP_PHY,4,9,13584,3880
veh9,13605,,3.63883,0,CAM_DROP_PHY,3,9,13605,3906
veh9,699722417589,,3.64658,0,CPM_DROP_PHY,7,9,699722417589,3909
veh9,13630,3.65074,,0,CAM,9,,13630,-1
veh9,699722417586,,3.65883,0,CPM_DROP_PHY,3,9,699722417586,3906
veh9,699722417620,,3.67983,0,CPM_DROP_PHY,6,9,699722417620,3953
veh9,699722417629,,3.68608,0,CPM_DROP_PHY,4,9,699722417629,3962
veh9,13695,,3.70058,0,CAM_DROP_PHY,2,9,13695,3998
veh9,699722417666,,3.70183,0,CPM_DROP_PHY,11,9,699722417666,3996
veh9,699722417658,,3.70583,0,CPM_DROP_PHY,8,9,699722417658,3990
veh9,13873,,3.72383,0,CAM_DROP_PHY,5,9,13873,4017
veh9,699722417883,,3.73883,0,CPM_DROP_PHY,3,9,699722417883,4055
veh9,699722417870,,3.74383,0,CPM_DROP_PHY,5,9,699722417870,4017
veh9,699722417887,,3.74658,0,CPM_DROP_PHY,7,9,699722417887,4056
veh9,13933,3.75074,,0,CAM,9,,13933,-1
veh9,13938,,3.75983,0,CAM_DROP_PHY,6,9,13938,4091
veh9,13921,,3.76658,0,CAM_DROP_PHY,7,9,13921,4070
veh9,699722417926,,3.77983,0,CPM_DROP_PHY,6,9,699722417926,4110
veh9,699722417936,,3.78608,0,CPM_DROP_PHY,4,9,699722417936,4123
veh9,699722417973,,3.80183,0,CPM_DROP_PHY,11,9,699722417973,4158
veh9,14003,,3.80183,0,CAM_DROP_PHY,11,9,14003,4158
veh9,699722417965,,3.80583,0,CPM_DROP_PHY,8,9,699722417965,4152
veh9,699722418083,,3.82383,0,CPM_DROP_PHY,5,9,699722418083,4203
veh9,14091,,3.82608,0,CAM_DROP_PHY,4,9,14091,4189
veh9,14121,,3.83883,0,CAM_DROP_PHY,3,9,14121,4221
veh9,699722418104,,3.84658,0,CPM_DROP_PHY,7,9,699722418104,4224
veh9,14147,3.85074,,0,CAM,9,,14147,-1
veh9,699722418101,,3.85883,0,CPM_DROP_PHY,3,9,699722418101,4221
veh9,699722418138,,3.87983,0,CPM_DROP_PHY,6,9,699722418138,4273
veh9,699722418147,,3.88608,0,CPM_DROP_PHY,4,9,699722418147,4282
veh9,699722418183,,3.89508,0,CPM_DROP_PHY,11,9,699722418183,4318
veh9,14213,,3.90058,0,CAM_DROP_PHY,2,9,14213,4325
veh9,699722418176,,3.90583,0,CPM_DROP_PHY,8,9,699722418176,4312
veh9,14290,,3.92383,0,CAM_DROP_PHY,5,9,14290,4347
veh9,14307,,3.92608,0,CAM_DROP_PHY,4,9,14307,4366
veh9,699722418314,,3.93883,0,CPM_DROP_PHY,3,9,699722418314,4395
veh9,699722418297,,3.94383,0,CPM_DROP_PHY,5,9,699722418297,4347
veh9,14332,,3.94583,0,CAM_DROP_PHY,8,9,14332,4390
veh9,699722418317,,3.94658,0,CPM_DROP_PHY,7,9,699722418317,4396
veh9,14363,3.95074,,0,CAM,9,,14363,-1
veh9,14368,,3.95983,0,CAM_DROP_PHY,6,9,14368,4432
veh9,14352,,3.96658,0,CAM_DROP_PHY,7,9,14352,4411
veh9,699722418357,,3.97983,0,CPM_DROP_PHY,6,9,699722418357,4455
veh9,699722418367,,3.98608,0,CPM_DROP_PHY,4,9,699722418367,4468
veh9,699722418401,,3.99508,0,CPM_DROP_PHY,11,9,699722418401,4505
veh9,14189,,4.00283,0,CAM_DROP_PHY,10,9,14189,4295
veh9,699722418270,,4.00283,0,CPM_DROP_PHY,10,9,699722418270,4350
veh9,699722418392,,4.00583,0,CPM_DROP_PHY,8,9,699722418392,4498
veh9,699722418484,,4.02058,0,CPM_DROP_PHY,2,9,699722418484,4532
veh9,699722418505,,4.02383,0,CPM_DROP_PHY,5,9,699722418505,4554
veh9,14515,,4.02608,0,CAM_DROP_PHY,4,9,14515,4541
veh9,699722418523,,4.03883,0,CPM_DROP_PHY,3,9,699722418523,4576
veh9,699722418526,,4.04658,0,CPM_DROP_PHY,7,9,699722418526,4577
veh9,14569,4.05074,,0,CAM,9,,14569,-1
veh9,14574,,4.05983,0,CAM_DROP_PHY,6,9,14574,4605
veh9,699722418562,,4.07983,0,CPM_DROP_PHY,6,9,699722418562,4619
veh9,699722418571,,4.08608,0,CPM_DROP_PHY,4,9,699722418571,4628
veh9,699722418606,,4.09508,0,CPM_DROP_PHY,11,9,699722418606,4664
veh9,14635,,4.10058,0,CAM_DROP_PHY,2,9,14635,4672
veh9,699722418597,,4.10583,0,CPM_DROP_PHY,8,9,699722418597,4657
veh9,14640,,4.11508,0,CAM_DROP_PHY,11,9,14640,4674
veh9,14714,,4.12383,0,CAM_DROP_PHY,5,9,14714,4691
veh9,14731,,4.12608,0,CAM_DROP_PHY,4,9,14731,4711
veh9,14759,,4.13883,0,CAM_DROP_PHY,3,9,14759,4742
veh9,699722418721,,4.14383,0,CPM_DROP_PHY,5,9,699722418721,4691
veh9,699722418743,,4.14658,0,CPM_DROP_PHY,7,9,699722418743,4746
veh9,14889,4.15074,,0,CAM,9,,14889,-1
veh9,699722418740,,4.15883,0,CPM_DROP_PHY,3,9,699722418740,4742
veh9,14892,,4.15983,0,CAM_DROP_PHY,6,9,14892,4779
veh9,14877,,4.16658,0,CAM_DROP_PHY,7,9,14877,4761
veh9,699722418883,,4.17983,0,CPM_DROP_PHY,6,9,699722418883,4801
veh9,699722418893,,4.18608,0,CPM_DROP_PHY,4,9,699722418893,4817
veh9,699722418928,,4.19508,0,CPM_DROP_PHY,11,9,699722418928,4855
veh9,699722418919,,4.20483,0,CPM_DROP_PHY,8,9,699722418919,4848
veh9,699722418695,,4.22283,0,CPM_DROP_PHY,10,9,699722418695,4694
veh9,699722419031,,4.22383,0,CPM_DROP_PHY,5,9,699722419031,4901
veh9,15040,,4.22608,0,CAM_DROP_PHY,4,9,15040,4888
veh9,699722419045,,4.23883,0,CPM_DROP_PHY,3,9,699722419045,4919
veh9,699722419049,,4.24658,0,CPM_DROP_PHY,7,9,699722419049,4920
veh9,15090,4.25074,,0,CAM,9,,15090,-1
veh9,15094,,4.26858,0,CAM_DROP_PHY,6,9,15094,4948
veh9,699722419091,,4.28608,0,CPM_DROP_PHY,4,9,699722419091,4964
veh9,699722419082,,4.28858,0,CPM_DROP_PHY,6,9,699722419082,4948
veh9,699722419124,,4.29508,0,CPM_DROP_PHY,11,9,699722419124,5003
veh9,15154,,4.30058,0,CAM_DROP_PHY,2,9,15154,5015
veh9,699722419115,,4.30483,0,CPM_DROP_PHY,8,9,699722419115,4993
veh9,699722419212,,4.32058,0,CPM_DROP_PHY,2,9,699722419212,5039
veh9,15226,,4.32133,0,CAM_DROP_PHY,5,9,15226,5032
veh9,699722419247,,4.33883,0,CPM_DROP_PHY,3,9,699722419247,5082
veh9,699722419250,,4.33908,0,CPM_DROP_PHY,7,9,699722419250,5083
veh9,699722419233,,4.34133,0,CPM_DROP_PHY,5,9,699722419233,5068
veh9,15292,4.35074,,0,CAM,9,,15292,-1
veh9,699722419282,,4.36858,0,CPM_DROP_PHY,6,9,699722419282,5125
veh9,699722419291,,4.38208,0,CPM_DROP_PHY,4,9,699722419291,5130
veh9,699722419327,,4.39508,0,CPM_DROP_PHY,11,9,699722419327,5166
veh9,699722419318,,4.40483,0,CPM_DROP_PHY,8,9,699722419318,5160
veh9,15359,,4.41508,0,CAM_DROP_PHY,11,9,15359,5180
veh9,699722419414,,4.42058,0,CPM_DROP_PHY,2,9,699722419414,5202
veh9,15446,,4.42208,0,CAM_DROP_PHY,4,9,15446,5212
veh9,699722419460,,4.43908,0,CPM_DROP_PHY,7,9,699722419460,5252
veh9,699722419437,,4.44133,0,CPM_DROP_PHY,5,9,699722419437,5228
veh9,15472,,4.44483,0,CAM_DROP_PHY,8,9,15472,5245
veh9,15504,4.45074,,0,CAM,9,,15504,-1
veh9,15477,,4.45083,0,CAM_DROP_PHY,3,9,15477,5249
veh9,15493,,4.45908,0,CAM_DROP_PHY,7,9,15493,5265
veh9,15509,,4.46858,0,CAM_DROP_PHY,6,9,15509,5283
veh9,699722419456,,4.47083,0,CPM_DROP_PHY,3,9,699722419456,5249
veh9,699722419507,,4.48208,0,CPM_DROP_PHY,4,9,699722419507,5312
veh9,699722419498,,4.48858,0,CPM_DROP_PHY,6,9,699722419498,5283
veh9,699722419543,,4.49508,0,CPM_DROP_PHY,11,9,699722419543,5360
veh9,15332,,4.49658,0,CAM_DROP_PHY,10,9,15332,5148
veh9,699722419408,,4.49658,0,CPM_DROP_PHY,10,9,699722419408,5199
veh9,15574,,4.50058,0,CAM_DROP_PHY,2,9,15574,5375
veh9,699722419534,,4.50483,0,CPM_DROP_PHY,8,9,699722419534,5351
veh9,699722419623,,4.51658,0,CPM_DROP_PHY,10,9,699722419623,5393
veh9,699722419629,,4.52058,0,CPM_DROP_PHY,2,9,699722419629,5397
veh9,699722419665,,4.53908,0,CPM_DROP_PHY,7,9,699722419665,5434
veh9,699722419649,,4.54133,0,CPM_DROP_PHY,5,9,699722419649,5419
veh9,15709,4.55074,,0,CAM,9,,15709,-1
veh9,699722419662,,4.55083,0,CPM_DROP_PHY,3,9,699722419662,5433
veh9,699722419698,,4.56858,0,CPM_DROP_PHY,6,9,699722419698,5472
veh9,699722419706,,4.58208,0,CPM_DROP_PHY,4,9,699722419706,5480
veh9,699722419739,,4.59508,0,CPM_DROP_PHY,11,9,699722419739,5515
veh9,699722419731,,4.60483,0,CPM_DROP_PHY,8,9,699722419731,5509
veh9,699722419926,,4.62058,0,CPM_DROP_PHY,2,9,699722419926,5544
veh9,15939,,4.62133,0,CAM_DROP_PHY,5,9,15939,5537
veh9,15957,,4.62208,0,CAM_DROP_PHY,4,9,15957,5552
veh9,699722419970,,4.63908,0,CPM_DROP_PHY,7,9,699722419970,5592
veh9,699722419949,,4.64133,0,CPM_DROP_PHY,5,9,699722419949,5569
veh9,15979,,4.64283,0,CAM_DROP_PHY,12,9,15979,5577
veh9,16012,4.65074,,0,CAM,9,,16012,-1
veh9,699722419966,,4.65083,0,CPM_DROP_PHY,3,9,699722419966,5591
veh9,16017,,4.66858,0,CAM_DROP_PHY,6,9,16017,5625
veh9,699722420013,,4.68208,0,CPM_DROP_PHY,4,9,699722420013,5648
veh9,699722420005,,4.68858,0,CPM_DROP_PHY,6,9,699722420005,5625
veh9,699722420048,,4.69508,0,CPM_DROP_PHY,11,9,699722420048,5686
veh9,16079,,4.69933,0,CAM_DROP_PHY,2,9,16079,5701
veh9,699722420039,,4.70483,0,CPM_DROP_PHY,8,9,699722420039,5677
veh9,16084,,4.71508,0,CAM_DROP_PHY,11,9,16084,5702
veh9,699722420140,,4.71933,0,CPM_DROP_PHY,2,9,699722420140,5724
veh9,699722420182,,4.73908,0,CPM_DROP_PHY,7,9,699722420182,5769
veh9,699722420160,,4.74133,0,CPM_DROP_PHY,5,9,699722420160,5751
veh9,16225,4.75074,,0,CAM,9,,16225,-1
veh9,16198,,4.75083,0,CAM_DROP_PHY,3,9,16198,5766
veh9,16215,,4.75908,0,CAM_DROP_PHY,7,9,16215,5781
veh9,699722420216,,4.76858,0,CPM_DROP_PHY,6,9,699722420216,5809
veh9,699722420178,,4.77083,0,CPM_DROP_PHY,3,9,699722420178,5766
veh9,699722420226,,4.78208,0,CPM_DROP_PHY,4,9,699722420226,5820
veh9,699722420259,,4.79508,0,CPM_DROP_PHY,11,9,699722420259,5865
veh9,699722420251,,4.80483,0,CPM_DROP_PHY,8,9,699722420251,5859
veh9,699722420340,,4.81933,0,CPM_DROP_PHY,2,9,699722420340,5893
veh9,699722420360,,4.82308,0,CPM_DROP_PHY,5,9,699722420360,5912
veh9,699722420134,,4.82483,0,CPM_DROP_PHY,10,9,699722420134,5721
veh9,699722420335,,4.82483,0,CPM_DROP_PHY,10,9,699722420335,5890
veh9,699722420379,,4.83908,0,CPM_DROP_PHY,7,9,699722420379,5934
veh9,16419,4.85074,,0,CAM,9,,16419,-1
veh9,699722420376,,4.85083,0,CPM_DROP_PHY,3,9,699722420376,5933
veh9,699722420408,,4.86858,0,CPM_DROP_PHY,6,9,699722420408,5964
veh9,699722420417,,4.88208,0,CPM_DROP_PHY,4,9,699722420417,5973
veh9,699722420448,,4.89508,0,CPM_DROP_PHY,11,9,699722420448,6008
veh9,16478,,4.89933,0,CAM_DROP_PHY,2,9,16478,6019
veh9,699722420440,,4.90483,0,CPM_DROP_PHY,8,9,699722420440,6002
veh9,699722420527,,4.91658,0,CPM_DROP_PHY,10,9,699722420527,6039
veh9,699722420533,,4.91933,0,CPM_DROP_PHY,2,9,699722420533,6042
veh9,16565,,4.92208,0,CAM_DROP_PHY,4,9,16565,6056
veh9,16547,,4.92308,0,CAM_DROP_PHY,5,9,16547,6035
veh9,699722420575,,4.93908,0,CPM_DROP_PHY,7,9,699722420575,6093
veh9,16615,4.95074,,0,CAM,9,,16615,-1
veh9,699722420571,,4.95083,0,CPM_DROP_PHY,3,9,699722420571,6092
veh9,699722420555,,4.95333,0,CPM_DROP_PHY,5,9,699722420555,6035
veh9,16620,,4.96858,0,CAM_DROP_PHY,6,9,16620,6119
veh9,699722420618,,4.98208,0,CPM_DROP_PHY,4,9,699722420618,6141
veh9,699722420609,,4.98858,0,CPM_DROP_PHY,6,9,699722420609,6119
veh9,699722420655,,4.99508,0,CPM_DROP_PHY,11,9,699722420655,6180
veh9,699722420645,,5.00383,0,CPM_DROP_PHY,8,9,699722420645,6171
veh9,16690,,5.01508,0,CAM_DROP_PHY,11,9,16690,6198
veh9,699722420739,,5.01933,0,CPM_DROP_PHY,2,9,699722420739,6223
veh9,16753,,5.02308,0,CAM_DROP_PHY,5,9,16753,6215
veh9,699722420784,,5.03908,0,CPM_DROP_PHY,7,9,699722420784,6271
veh9,16794,,5.04383,0,CAM_DROP_PHY,8,9,16794,6260
veh9,16832,5.05074,,0,CAM,9,,16832,-1
veh9,16800,,5.05083,0,CAM_DROP_PHY,3,9,16800,6267
veh9,699722420759,,5.05333,0,CPM_DROP_PHY,5,9,699722420759,6215
veh9,16819,,5.05908,0,CAM_DROP_PHY,7,9,16819,6279
veh9,699722420924,,5.06858,0,CPM_DROP_PHY,6,9,699722420924,6318
veh9,699722420781,,5.07083,0,CPM_DROP_PHY,3,9,699722420781,6267
veh9,699722420933,,5.08208,0,CPM_DROP_PHY,4,9,699722420933,6329
veh9,699722420970,,5.09508,0,CPM_DROP_PHY,11,9,699722420970,6375
veh9,17001,,5.09933,0,CAM_DROP_PHY,2,9,17001,6389
veh9,699722420961,,5.10383,0,CPM_DROP_PHY,8,9,699722420961,6369
veh9,699722420734,,5.11658,0,CPM_DROP_PHY,10,9,699722420734,6220
veh9,699722421053,,5.11933,0,CPM_DROP_PHY,2,9,699722421053,6418
veh9,17066,,5.12308,0,CAM_DROP_PHY,5,9,17066,6410
veh9,699722421093,,5.13908,0,CPM_DROP_PHY,7,9,699722421093,6461
veh9,17137,5.15074,,0,CAM,9,,17137,-1
veh9,17109,,5.15083,0,CAM_DROP_PHY,3,9,17109,6457
veh9,699722421072,,5.15333,0,CPM_DROP_PHY,5,9,699722421072,6410
veh9,17126,,5.15908,0,CAM_DROP_PHY,7,9,17126,6470
veh9,699722421128,,5.16858,0,CPM_DROP_PHY,6,9,699722421128,6501
veh9,699722421090,,5.17083,0,CPM_DROP_PHY,3,9,699722421090,6457
veh9,699722421137,,5.18208,0,CPM_DROP_PHY,4,9,699722421137,6512
veh9,699722421176,,5.19508,0,CPM_DROP_PHY,11,9,699722421176,6563
veh9,699722421167,,5.20383,0,CPM_DROP_PHY,8,9,699722421167,6552
veh9,699722421048,,5.21658,0,CPM_DROP_PHY,10,9,699722421048,6415
veh9,17179,,5.21658,0,CAM_DROP_PHY,10,9,17179,6538
veh9,699722421255,,5.21933,0,CPM_DROP_PHY,2,9,699722421255,6597
veh9,17286,,5.22208,0,CAM_DROP_PHY,4,9,17286,6605
veh9,17268,,5.22308,0,CAM_DROP_PHY,5,9,17268,6588
veh9,699722421249,,5.23733,0,CPM_DROP_PHY,10,9,699722421249,6594
veh9,699722421302,,5.23908,0,CPM_DROP_PHY,7,9,699722421302,6642
veh9,17305,,5.24208,0,CAM_DROP_PHY,12,9,17305,6620
veh9,17350,5.25074,,0,CAM,9,,17350,-1
veh9,17317,,5.25083,0,CAM_DROP_PHY,3,9,17317,6638
veh9,699722421275,,5.25333,0,CPM_DROP_PHY,5,9,699722421275,6588
veh9,17335,,5.25908,0,CAM_DROP_PHY,7,9,17335,6656
veh9,699722421316,,5.26208,0,CPM_DROP_PHY,12,9,699722421316,6661
veh9,699722421298,,5.27083,0,CPM_DROP_PHY,3,9,699722421298,6638
veh9,699722421354,,5.28208,0,CPM_DROP_PHY,4,9,699722421354,6708
veh9,699722421393,,5.29508,0,CPM_DROP_PHY,11,9,699722421393,6769
veh9,17397,,5.29733,0,CAM_DROP_PHY,10,9,17397,6742
veh9,17424,,5.29933,0,CAM_DROP_PHY,2,9,17424,6781
veh9,699722421383,,5.30383,0,CPM_DROP_PHY,8,9,699722421383,6753
veh9,17429,,5.31508,0,CAM_DROP_PHY,11,9,17429,6784
veh9,699722421478,,5.31933,0,CPM_DROP_PHY,2,9,699722421478,6809
veh9,17491,,5.32308,0,CAM_DROP_PHY,5,9,17491,6801
veh9,699722421472,,5.33733,0,CPM_DROP_PHY,10,9,699722421472,6807
veh9,699722421518,,5.33908,0,CPM_DROP_PHY,7,9,699722421518,6857
veh9,17564,5.35074,,0,CAM,9,,17564,-1
veh9,699722421496,,5.35333,0,CPM_DROP_PHY,5,9,699722421496,6801
veh9,17534,,5.35333,0,CAM_DROP_PHY,3,9,17534,6854
veh9,17552,,5.35908,0,CAM_DROP_PHY,7,9,17552,6868
veh9,699722421532,,5.36208,0,CPM_DROP_PHY,12,9,699722421532,6873
veh9,699722421515,,5.37333,0,CPM_DROP_PHY,3,9,699722421515,6854
veh9,699722421565,,5.38208,0,CPM_DROP_PHY,4,9,699722421565,6914
veh9,17608,,5.39733,0,CAM_DROP_PHY,10,9,17608,6947
veh9,699722421594,,5.40383,0,CPM_DROP_PHY,8,9,699722421594,6959
veh9,699722421604,,5.41133,0,CPM_DROP_PHY,11,9,699722421604,6973
veh9,699722421675,,5.41933,0,CPM_DROP_PHY,2,9,699722421675,6994
veh9,699722421694,,5.42308,0,CPM_DROP_PHY,5,9,699722421694,7014
veh9,699722421670,,5.42833,0,CPM_DROP_PHY,10,9,699722421670,6993
veh9,699722421716,,5.43908,0,CPM_DROP_PHY,7,9,699722421716,7039
veh9,17758,5.45074,,0,CAM,9,,17758,-1
veh9,17732,,5.45333,0,CAM_DROP_PHY,3,9,17732,7036
veh9,699722421726,,5.46208,0,CPM_DROP_PHY,12,9,699722421726,7052
veh9,699722421758,,5.48258,0,CPM_DROP_PHY,4,9,699722421758,7084
veh9,699722421712,,5.48283,0,CPM_DROP_PHY,3,9,699722421712,7036
veh9,17799,,5.48833,0,CAM_DROP_PHY,10,9,17799,7114
veh9,17824,,5.49933,0,CAM_DROP_PHY,2,9,17824,7145
veh9,699722421785,,5.50383,0,CPM_DROP_PHY,8,9,699722421785,7126
veh9,699722421796,,5.51133,0,CPM_DROP_PHY,11,9,699722421796,7143
veh9,699722421972,,5.51933,0,CPM_DROP_PHY,2,9,699722421972,7167
veh9,18005,,5.52258,0,CAM_DROP_PHY,4,9,18005,7184
veh9,17987,,5.52483,0,CAM_DROP_PHY,5,9,17987,7162
veh9,699722421967,,5.52833,0,CPM_DROP_PHY,10,9,699722421967,7166
veh9,699722422022,,5.53908,0,CPM_DROP_PHY,7,9,699722422022,7224
veh9,18031,,5.54383,0,CAM_DROP_PHY,8,9,18031,7210
veh9,699722421995,,5.54483,0,CPM_DROP_PHY,5,9,699722421995,7162
veh9,18073,5.55074,,0,CAM,9,,18073,-1
veh9,18036,,5.55333,0,CAM_DROP_PHY,3,9,18036,7221
veh9,18059,,5.55908,0,CAM_DROP_PHY,7,9,18059,7236
veh9,699722422038,,5.56208,0,CPM_DROP_PHY,12,9,699722422038,7238
veh9,699722422078,,5.58258,0,CPM_DROP_PHY,4,9,699722422078,7294
veh9,699722422018,,5.58283,0,CPM_DROP_PHY,3,9,699722422018,7221
veh9,18120,,5.59733,0,CAM_DROP_PHY,10,9,18120,7322
veh9,699722422107,,5.60383,0,CPM_DROP_PHY,8,9,699722422107,7339
veh9,699722422117,,5.61133,0,CPM_DROP_PHY,11,9,699722422117,7357
veh9,699722422190,,5.61933,0,CPM_DROP_PHY,2,9,699722422190,7376
veh9,699722422209,,5.62483,0,CPM_DROP_PHY,5,9,699722422209,7397
veh9,699722422185,,5.63733,0,CPM_DROP_PHY,10,9,699722422185,7375
veh9,699722422229,,5.63908,0,CPM_DROP_PHY,7,9,699722422229,7420
veh9,18271,5.65074,,0,CAM,9,,18271,-1
veh9,699722422225,,5.65333,0,CPM_DROP_PHY,3,9,699722422225,7419
veh9,18077,,5.65958,0,CAM_DROP_PHY,6,9,18077,7254
veh9,699722422068,,5.65958,0,CPM_DROP_PHY,6,9,699722422068,7279
veh9,699722422239,,5.66208,0,CPM_DROP_PHY,12,9,699722422239,7433
veh9,699722422262,,5.67958,0,CPM_DROP_PHY,6,9,699722422262,7454
veh9,699722422271,,5.68258,0,CPM_DROP_PHY,4,9,699722422271,7466
veh9,18332,,5.69933,0,CAM_DROP_PHY,2,9,18332,7514
veh9,699722422294,,5.70383,0,CPM_DROP_PHY,8,9,699722422294,7497
veh9,699722422303,,5.71133,0,CPM_DROP_PHY,11,9,699722422303,7511
veh9,18336,,5.71133,0,CAM_DROP_PHY,11,9,18336,7511
veh9,699722422379,,5.71608,0,CPM_DROP_PHY,2,9,699722422379,7533
veh9,699722422399,,5.72483,0,CPM_DROP_PHY,5,9,699722422399,7558
veh9,699722422374,,5.73733,0,CPM_DROP_PHY,10,9,699722422374,7532
veh9,18464,5.75074,,0,CAM,9,,18464,-1
veh9,18438,,5.75333,0,CAM_DROP_PHY,3,9,18438,7579
veh9,699722422432,,5.76208,0,CPM_DROP_PHY,12,9,699722422432,7591
veh9,699722422454,,5.77958,0,CPM_DROP_PHY,6,9,699722422454,7612
veh9,699722422464,,5.78258,0,CPM_DROP_PHY,4,9,699722422464,7627
veh9,699722422419,,5.78283,0,CPM_DROP_PHY,3,9,699722422419,7579
veh9,699722422494,,5.80383,0,CPM_DROP_PHY,8,9,699722422494,7669
veh9,699722422504,,5.81133,0,CPM_DROP_PHY,11,9,699722422504,7687
veh9,699722422577,,5.81608,0,CPM_DROP_PHY,2,9,699722422577,7704
veh9,18609,,5.82258,0,CAM_DROP_PHY,4,9,18609,7720
veh9,18592,,5.82483,0,CAM_DROP_PHY,5,9,18592,7701
veh9,18631,,5.84208,0,CAM_DROP_PHY,12,9,18631,7744
veh9,699722422600,,5.84483,0,CPM_DROP_PHY,5,9,699722422600,7701
veh9,18668,5.85074,,0,CAM,9,,18668,-1
veh9,18672,,5.85958,0,CAM_DROP_PHY,6,9,18672,7780
veh9,699722422635,,5.86208,0,CPM_DROP_PHY,12,9,699722422635,7770
veh9,699722422619,,5.86283,0,CPM_DROP_PHY,3,9,699722422619,7759
veh9,699722422661,,5.87958,0,CPM_DROP_PHY,6,9,699722422661,7803
veh9,699722422672,,5.88258,0,CPM_DROP_PHY,4,9,699722422672,7822
veh9,699722422697,,5.90383,0,CPM_DROP_PHY,8,9,699722422697,7863
veh9,699722422707,,5.91133,0,CPM_DROP_PHY,11,9,699722422707,7879
veh9,18736,,5.91608,0,CAM_DROP_PHY,2,9,18736,7882
veh9,699722422783,,5.91608,0,CPM_DROP_PHY,2,9,699722422783,7882
veh9,699722422802,,5.92483,0,CPM_DROP_PHY,5,9,699722422802,7917
veh9,699722422572,,5.92883,0,CPM_DROP_PHY,10,9,699722422572,7703
veh9,699722422818,,5.94733,0,CPM_DROP_PHY,3,9,699722422818,7941
veh9,18863,5.95074,,0,CAM,9,,18863,-1
veh9,699722422830,,5.96208,0,CPM_DROP_PHY,12,9,699722422830,7949
veh9,699722422852,,5.97958,0,CPM_DROP_PHY,6,9,699722422852,7969
veh9,699722422861,,5.98258,0,CPM_DROP_PHY,4,9,699722422861,7984
veh9,699722422822,,5.98408,0,CPM_DROP_PHY,7,9,699722422822,7942
veh9,699722422988,,6.00383,0,CPM_DROP_PHY,8,9,699722422988,8019
veh9,699722422999,,6.01133,0,CPM_DROP_PHY,11,9,699722422999,8038
veh9,699722423068,,6.01608,0,CPM_DROP_PHY,2,9,699722423068,8055
veh9,699722423086,,6.02483,0,CPM_DROP_PHY,5,9,699722423086,8076
veh9,19125,,6.04733,0,CAM_DROP_PHY,3,9,19125,8099
veh9,19154,6.05074,,0,CAM,9,,19154,-1
veh9,699722423109,,6.05333,0,CPM_DROP_PHY,7,9,699722423109,8102
veh9,19158,,6.05958,0,CAM_DROP_PHY,6,9,19158,8119
veh9,699722423118,,6.06208,0,CPM_DROP_PHY,12,9,699722423118,8110
veh9,699722423105,,6.06733,0,CPM_DROP_PHY,3,9,699722423105,8099
veh9,699722423147,,6.07958,0,CPM_DROP_PHY,6,9,699722423147,8134
veh9,699722423156,,6.08258,0,CPM_DROP_PHY,4,9,699722423156,8149
veh9,699722423182,,6.10383,0,CPM_DROP_PHY,8,9,699722423182,8191
veh9,699722423193,,6.11133,0,CPM_DROP_PHY,11,9,699722423193,8206
veh9,19222,,6.11608,0,CAM_DROP_PHY,2,9,19222,8209
veh9,699722423268,,6.11608,0,CPM_DROP_PHY,2,9,699722423268,8209
veh9,19282,,6.11958,0,CAM_DROP_PHY,5,9,19282,8221
veh9,19301,,6.12133,0,CAM_DROP_PHY,4,9,19301,8242
veh9,699722423062,,6.12533,0,CPM_DROP_PHY,10,9,699722423062,8054
veh9,699722423262,,6.12883,0,CPM_DROP_PHY,10,9,699722423262,8223
veh9,699722423291,,6.13958,0,CPM_DROP_PHY,5,9,699722423291,8251
veh9,19328,,6.14383,0,CAM_DROP_PHY,8,9,19328,8275
veh9,699722423310,,6.14733,0,CPM_DROP_PHY,3,9,699722423310,8278
veh9,19360,6.15074,,0,CAM,9,,19360,-1
veh9,699722423314,,6.15333,0,CPM_DROP_PHY,7,9,699722423314,8279
veh9,19364,,6.15958,0,CAM_DROP_PHY,6,9,19364,8307
veh9,699722423326,,6.16208,0,CPM_DROP_PHY,12,9,699722423326,8290
veh9,699722423353,,6.17958,0,CPM_DROP_PHY,6,9,699722423353,8327
veh9,699722423363,,6.18133,0,CPM_DROP_PHY,4,9,699722423363,8341
veh9,19346,,6.18408,0,CAM_DROP_PHY,7,9,19346,8279
veh9,699722423390,,6.20383,0,CPM_DROP_PHY,8,9,699722423390,8383
veh9,699722423400,,6.21133,0,CPM_DROP_PHY,11,9,699722423400,8398
veh9,19429,,6.21133,0,CAM_DROP_PHY,11,9,19429,8398
veh9,699722423474,,6.21608,0,CPM_DROP_PHY,2,9,699722423474,8415
veh9,19506,,6.22133,0,CAM_DROP_PHY,4,9,19506,8431
veh9,699722423468,,6.22883,0,CPM_DROP_PHY,10,9,699722423468,8414
veh9,699722423496,,6.23958,0,CPM_DROP_PHY,5,9,699722423496,8440
veh9,699722423512,,6.24733,0,CPM_DROP_PHY,3,9,699722423512,8461
veh9,19557,6.25074,,0,CAM,9,,19557,-1
veh9,699722423515,,6.25333,0,CPM_DROP_PHY,7,9,699722423515,8462
veh9,19562,,6.25958,0,CAM_DROP_PHY,6,9,19562,8485
veh9,699722423524,,6.26083,0,CPM_DROP_PHY,12,9,699722423524,8472
veh9,699722423551,,6.27958,0,CPM_DROP_PHY,6,9,699722423551,8506
veh9,699722423561,,6.28133,0,CPM_DROP_PHY,4,9,699722423561,8518
veh9,19625,,6.29908,0,CAM_DROP_PHY,2,9,19625,8575
veh9,699722423597,,6.31133,0,CPM_DROP_PHY,11,9,699722423597,8572
veh9,19629,,6.31133,0,CAM_DROP_PHY,11,9,19629,8572
veh9,699722423670,,6.31908,0,CPM_DROP_PHY,2,9,699722423670,8594
veh9,19701,,6.32133,0,CAM_DROP_PHY,4,9,19701,8606
veh9,699722423692,,6.33958,0,CPM_DROP_PHY,5,9,699722423692,8616
veh9,19730,,6.34733,0,CAM_DROP_PHY,3,9,19730,8637
veh9,699722423710,,6.34733,0,CPM_DROP_PHY,3,9,699722423710,8637
veh9,19755,6.35074,,0,CAM,9,,19755,-1
veh9,699722423713,,6.35333,0,CPM_DROP_PHY,7,9,699722423713,8639
veh9,19760,,6.35958,0,CAM_DROP_PHY,6,9,19760,8662
veh9,699722423722,,6.36083,0,CPM_DROP_PHY,12,9,699722423722,8649
veh9,699722423750,,6.37958,0,CPM_DROP_PHY,6,9,699722423750,8683
veh9,699722423759,,6.38133,0,CPM_DROP_PHY,4,9,699722423759,8695
veh9,699722423790,,6.40983,0,CPM_DROP_PHY,11,9,699722423790,8742
veh9,19820,,6.40983,0,CAM_DROP_PHY,11,9,19820,8742
veh9,699722423864,,6.41908,0,CPM_DROP_PHY,2,9,699722423864,8759
veh9,19878,,6.41958,0,CAM_DROP_PHY,5,9,19878,8754
veh9,19896,,6.42133,0,CAM_DROP_PHY,4,9,19896,8772
veh9,699722423986,,6.43958,0,CPM_DROP_PHY,5,9,699722423986,8780
veh9,20017,,6.44083,0,CAM_DROP_PHY,12,9,20017,8798
veh9,699722424004,,6.44733,0,CPM_DROP_PHY,3,9,699722424004,8807
veh9,20056,6.45074,,0,CAM,9,,20056,-1
veh9,699722424008,,6.45333,0,CPM_DROP_PHY,7,9,699722424008,8808
veh9,20060,,6.45958,0,CAM_DROP_PHY,6,9,20060,8839
veh9,699722424021,,6.46083,0,CPM_DROP_PHY,12,9,699722424021,8823
veh9,20042,,6.47333,0,CAM_DROP_PHY,7,9,20042,8808
veh9,699722424050,,6.47958,0,CPM_DROP_PHY,6,9,699722424050,8860
veh9,699722424059,,6.48133,0,CPM_DROP_PHY,4,9,699722424059,8872
veh9,20120,,6.49908,0,CAM_DROP_PHY,2,9,20120,8928
veh9,699722424092,,6.50983,0,CPM_DROP_PHY,11,9,699722424092,8926
veh9,20124,,6.50983,0,CAM_DROP_PHY,11,9,20124,8926
veh9,699722424167,,6.51908,0,CPM_DROP_PHY,2,9,699722424167,8950
veh9,20199,,6.52133,0,CAM_DROP_PHY,4,9,20199,8960
veh9,699722424188,,6.53958,0,CPM_DROP_PHY,5,9,699722424188,8970
veh9,699722424203,,6.54733,0,CPM_DROP_PHY,3,9,699722424203,8990
veh9,20253,6.55074,,0,CAM,9,,20253,-1
veh9,699722424207,,6.55333,0,CPM_DROP_PHY,7,9,699722424207,8991
veh9,699722424216,,6.56083,0,CPM_DROP_PHY,12,9,699722424216,9002
veh9,699722424252,,6.58133,0,CPM_DROP_PHY,4,9,699722424252,9042
veh9,699722424243,,6.58158,0,CPM_DROP_PHY,6,9,699722424243,9032
veh9,699722424283,,6.60983,0,CPM_DROP_PHY,11,9,699722424283,9086
veh9,20312,,6.60983,0,CAM_DROP_PHY,11,9,20312,9086
veh9,699722424352,,6.61908,0,CPM_DROP_PHY,2,9,699722424352,9102
veh9,20383,,6.62133,0,CAM_DROP_PHY,4,9,20383,9112
veh9,699722424160,,6.63308,0,CPM_DROP_PHY,10,9,699722424160,8946
veh9,699722424345,,6.63308,0,CPM_DROP_PHY,10,9,699722424345,9098
veh9,699722424372,,6.63958,0,CPM_DROP_PHY,5,9,699722424372,9122
veh9,20410,,6.64733,0,CAM_DROP_PHY,3,9,20410,9142
veh9,699722424390,,6.64733,0,CPM_DROP_PHY,3,9,699722424390,9142
veh9,20435,6.65074,,0,CAM,9,,20435,-1
veh9,699722424393,,6.65333,0,CPM_DROP_PHY,7,9,699722424393,9144
veh9,699722424402,,6.66083,0,CPM_DROP_PHY,12,9,699722424402,9155
veh9,20440,,6.66158,0,CAM_DROP_PHY,6,9,20440,9167
veh9,699722424438,,6.68133,0,CPM_DROP_PHY,4,9,699722424438,9200
veh9,699722424428,,6.68158,0,CPM_DROP_PHY,6,9,699722424428,9188
veh9,20498,,6.69908,0,CAM_DROP_PHY,2,9,20498,9250
veh9,699722424461,,6.70058,0,CPM_DROP_PHY,8,9,699722424461,9234
veh9,699722424470,,6.70983,0,CPM_DROP_PHY,11,9,699722424470,9248
veh9,20501,,6.70983,0,CAM_DROP_PHY,11,9,20501,9248
veh9,699722424546,,6.71908,0,CPM_DROP_PHY,2,9,699722424546,9276
veh9,20560,,6.71958,0,CAM_DROP_PHY,5,9,20560,9271
veh9,20578,,6.72133,0,CAM_DROP_PHY,4,9,20578,9292
veh9,699722424540,,6.72333,0,CPM_DROP_PHY,10,9,699722424540,9272
veh9,699722424567,,6.73958,0,CPM_DROP_PHY,5,9,699722424567,9302
veh9,699722424582,,6.74733,0,CPM_DROP_PHY,3,9,699722424582,9327
veh9,20630,6.75074,,0,CAM,9,,20630,-1
veh9,699722424585,,6.75333,0,CPM_DROP_PHY,7,9,699722424585,9328
veh9,699722424597,,6.76083,0,CPM_DROP_PHY,12,9,699722424597,9340
veh9,20617,,6.77333,0,CAM_DROP_PHY,7,9,20617,9328
veh9,699722424628,,6.78133,0,CPM_DROP_PHY,4,9,699722424628,9380
veh9,699722424619,,6.78158,0,CPM_DROP_PHY,6,9,699722424619,9370
veh9,20668,,6.78333,0,CAM_DROP_PHY,10,9,20668,9398
veh9,699722424663,,6.80983,0,CPM_DROP_PHY,11,9,699722424663,9438
veh9,20692,,6.80983,0,CAM_DROP_PHY,11,9,20692,9438
veh9,699722424730,,6.81908,0,CPM_DROP_PHY,2,9,699722424730,9455
veh9,699722424724,,6.83308,0,CPM_DROP_PHY,10,9,699722424724,9451
veh9,699722424747,,6.83958,0,CPM_DROP_PHY,5,9,699722424747,9472
veh9,20782,,6.84058,0,CAM_DROP_PHY,8,9,20782,9484
veh9,699722424765,,6.84733,0,CPM_DROP_PHY,3,9,699722424765,9488
veh9,20813,6.85074,,0,CAM,9,,20813,-1
veh9,699722424768,,6.85333,0,CPM_DROP_PHY,7,9,699722424768,9489
veh9,699722424779,,6.86083,0,CPM_DROP_PHY,12,9,699722424779,9503
veh9,699722424816,,6.88133,0,CPM_DROP_PHY,4,9,699722424816,9551
veh9,699722424806,,6.88158,0,CPM_DROP_PHY,6,9,699722424806,9540
veh9,20876,,6.89908,0,CAM_DROP_PHY,2,9,20876,9594
veh9,699722424848,,6.90983,0,CPM_DROP_PHY,11,9,699722424848,9591
veh9,20881,,6.90983,0,CAM_DROP_PHY,11,9,20881,9591
veh9,699722425024,,6.91908,0,CPM_DROP_PHY,2,9,699722425024,9615
veh9,21056,,6.92133,0,CAM_DROP_PHY,4,9,21056,9626
veh9,699722425018,,6.93308,0,CPM_DROP_PHY,10,9,699722425018,9611
veh9,699722425046,,6.93958,0,CPM_DROP_PHY,5,9,699722425046,9635
veh9,21084,,6.94733,0,CAM_DROP_PHY,3,9,21084,9656
veh9,699722425064,,6.94733,0,CPM_DROP_PHY,3,9,699722425064,9656
veh9,21112,6.95074,,0,CAM,9,,21112,-1
veh9,699722425068,,6.95583,0,CPM_DROP_PHY,7,9,699722425068,9658
veh9,699722425078,,6.96083,0,CPM_DROP_PHY,12,9,699722425078,9668
veh9,21116,,6.96158,0,CAM_DROP_PHY,6,9,21116,9680
veh9,699722425116,,6.98133,0,CPM_DROP_PHY,4,9,699722425116,9715
veh9,699722425107,,6.98158,0,CPM_DROP_PHY,6,9,699722425107,9703
veh9,699722425150,,7.00983,0,CPM_DROP_PHY,11,9,699722425150,9759
veh9,21181,,7.00983,0,CAM_DROP_PHY,11,9,21181,9759
veh9,699722425228,,7.01908,0,CPM_DROP_PHY,2,9,699722425228,9777
veh9,21240,,7.01958,0,CAM_DROP_PHY,5,9,21240,9772
veh9,699722425220,,7.02333,0,CPM_DROP_PHY,10,9,699722425220,9773
veh9,699722425247,,7.03958,0,CPM_DROP_PHY,5,9,699722425247,9796
veh9,21280,,7.04083,0,CAM_DROP_PHY,12,9,21280,9811
veh9,699722425266,,7.04683,0,CPM_DROP_PHY,3,9,699722425266,9817
veh9,21320,7.05074,,0,CAM,9,,21320,-1
veh9,699722425270,,7.05583,0,CPM_DROP_PHY,7,9,699722425270,9819
veh9,699722425285,,7.06083,0,CPM_DROP_PHY,12,9,699722425285,9834
veh9,21305,,7.07583,0,CAM_DROP_PHY,7,9,21305,9819
veh9,699722425322,,7.08133,0,CPM_DROP_PHY,4,9,699722425322,9879
veh9,699722425313,,7.08158,0,CPM_DROP_PHY,6,9,699722425313,9870
veh9,21385,,7.09908,0,CAM_DROP_PHY,2,9,21385,9931
veh9,699722425356,,7.10983,0,CPM_DROP_PHY,11,9,699722425356,9927
veh9,699722425428,,7.11908,0,CPM_DROP_PHY,2,9,699722425428,9951
veh9,699722425447,,7.13958,0,CPM_DROP_PHY,5,9,699722425447,9968
veh9,699722425462,,7.14683,0,CPM_DROP_PHY,3,9,699722425462,9984
veh9,21513,7.15074,,0,CAM,9,,21513,-1
veh9,699722425479,,7.15158,0,CPM_DROP_PHY,12,9,699722425479,9996
veh9,699722425465,,7.15583,0,CPM_DROP_PHY,7,9,699722425465,9986
veh9,21498,,7.17583,0,CAM_DROP_PHY,7,9,21498,9986
veh9,699722425505,,7.18058,0,CPM_DROP_PHY,6,9,699722425505,10032
veh9,699722425514,,7.18133,0,CPM_DROP_PHY,4,9,699722425514,10040
veh9,699722425539,,7.20058,0,CPM_DROP_PHY,8,9,699722425539,10074
veh9,699722425550,,7.20983,0,CPM_DROP_PHY,11,9,699722425550,10088
veh9,21580,,7.20983,0,CAM_DROP_PHY,11,9,21580,10088
veh9,699722425625,,7.21283,0,CPM_DROP_PHY,2,9,699722425625,10107
veh9,21659,,7.22008,0,CAM_DROP_PHY,4,9,21659,10125
veh9,699722425649,,7.23958,0,CPM_DROP_PHY,5,9,699722425649,10131
veh9,21687,,7.24683,0,CAM_DROP_PHY,3,9,21687,10153
veh9,699722425667,,7.24683,0,CPM_DROP_PHY,3,9,699722425667,10153
veh9,21718,7.25074,,0,CAM,9,,21718,-1
veh9,699722425684,,7.25158,0,CPM_DROP_PHY,12,9,699722425684,10165
veh9,699722425671,,7.25583,0,CPM_DROP_PHY,7,9,699722425671,10156
veh9,21704,,7.25583,0,CAM_DROP_PHY,7,9,21704,10156
veh9,21723,,7.26058,0,CAM_DROP_PHY,6,9,21723,10181
veh9,699722425723,,7.28008,0,CPM_DROP_PHY,4,9,699722425723,10213
veh9,699722425714,,7.28058,0,CPM_DROP_PHY,6,9,699722425714,10204
veh9,699722425761,,7.30983,0,CPM_DROP_PHY,11,9,699722425761,10265
veh9,21789,,7.31283,0,CAM_DROP_PHY,2,9,21789,10269
veh9,699722425836,,7.31283,0,CPM_DROP_PHY,2,9,699722425836,10269
veh9,21848,,7.31958,0,CAM_DROP_PHY,5,9,21848,10277
veh9,699722425618,,7.32333,0,CPM_DROP_PHY,10,9,699722425618,10103
veh9,21764,,7.32333,0,CAM_DROP_PHY,10,9,21764,10232
veh9,21891,,7.33758,0,CAM_DROP_PHY,8,9,21891,10317
veh9,699722425855,,7.33958,0,CPM_DROP_PHY,5,9,699722425855,10301
veh9,699722425873,,7.34683,0,CPM_DROP_PHY,3,9,699722425873,10324
veh9,21925,7.35074,,0,CAM,9,,21925,-1
veh9,699722425891,,7.35158,0,CPM_DROP_PHY,12,9,699722425891,10337
veh9,699722425876,,7.35583,0,CPM_DROP_PHY,7,9,699722425876,10326
veh9,21910,,7.35583,0,CAM_DROP_PHY,7,9,21910,10326
veh9,699722426029,,7.38008,0,CPM_DROP_PHY,4,9,699722426029,10386
veh9,699722426020,,7.38058,0,CPM_DROP_PHY,6,9,699722426020,10378
veh9,699722426061,,7.40983,0,CPM_DROP_PHY,11,9,699722426061,10427
veh9,22091,,7.40983,0,CAM_DROP_PHY,11,9,22091,10427
veh9,699722426136,,7.41283,0,CPM_DROP_PHY,2,9,699722426136,10443
veh9,22148,,7.41958,0,CAM_DROP_PHY,5,9,22148,10438
veh9,699722426155,,7.44033,0,CPM_DROP_PHY,5,9,699722426155,10462
veh9,699722426171,,7.44683,0,CPM_DROP_PHY,3,9,699722426171,10484
veh9,22221,7.45074,,0,CAM,9,,22221,-1
veh9,699722426187,,7.45158,0,CPM_DROP_PHY,12,9,699722426187,10497
veh9,699722426174,,7.45583,0,CPM_DROP_PHY,7,9,699722426174,10486
veh9,22207,,7.45583,0,CAM_DROP_PHY,7,9,22207,10486
veh9,699722426224,,7.48008,0,CPM_DROP_PHY,4,9,699722426224,10539
veh9,699722426214,,7.48058,0,CPM_DROP_PHY,6,9,699722426214,10531
veh9,699722426256,,7.50983,0,CPM_DROP_PHY,11,9,699722426256,10580
veh9,22285,,7.51283,0,CAM_DROP_PHY,2,9,22285,10584
veh9,699722426328,,7.51283,0,CPM_DROP_PHY,2,9,699722426328,10584
veh9,22360,,7.52008,0,CAM_DROP_PHY,4,9,22360,10610
veh9,22340,,7.52033,0,CAM_DROP_PHY,5,9,22340,10591
veh9,699722426129,,7.52333,0,CPM_DROP_PHY,10,9,699722426129,10439
veh9,699722426321,,7.52333,0,CPM_DROP_PHY,10,9,699722426321,10592
veh9,699722426350,,7.54033,0,CPM_DROP_PHY,5,9,699722426350,10620
veh9,22389,,7.54683,0,CAM_DROP_PHY,3,9,22389,10644
veh9,699722426369,,7.54683,0,CPM_DROP_PHY,3,9,699722426369,10644
veh9,22417,7.55074,,0,CAM,9,,22417,-1
veh9,699722426382,,7.55158,0,CPM_DROP_PHY,12,9,699722426382,10658
veh9,699722426372,,7.55583,0,CPM_DROP_PHY,7,9,699722426372,10648
veh9,22422,,7.56058,0,CAM_DROP_PHY,6,9,22422,10672
veh9,699722426424,,7.58008,0,CPM_DROP_PHY,4,9,699722426424,10704
veh9,699722426416,,7.58058,0,CPM_DROP_PHY,6,9,699722426416,10695
veh9,699722426458,,7.61233,0,CPM_DROP_PHY,11,9,699722426458,10749
veh9,699722426526,,7.61283,0,CPM_DROP_PHY,2,9,699722426526,10761
veh9,22540,,7.62033,0,CAM_DROP_PHY,5,9,22540,10759
veh9,699722426520,,7.62333,0,CPM_DROP_PHY,10,9,699722426520,10760
veh9,22578,,7.63158,0,CAM_DROP_PHY,12,9,22578,10798
veh9,699722426547,,7.64033,0,CPM_DROP_PHY,5,9,699722426547,10786
veh9,699722426567,,7.64683,0,CPM_DROP_PHY,3,9,699722426567,10807
veh9,22618,7.65074,,0,CAM,9,,22618,-1
veh9,699722426584,,7.65158,0,CPM_DROP_PHY,12,9,699722426584,10825
veh9,699722426570,,7.65583,0,CPM_DROP_PHY,7,9,699722426570,10810
veh9,22605,,7.65583,0,CAM_DROP_PHY,7,9,22605,10810
veh9,699722426619,,7.68008,0,CPM_DROP_PHY,4,9,699722426619,10868
veh9,699722426610,,7.68058,0,CPM_DROP_PHY,6,9,699722426610,10860
veh9,699722426642,,7.69758,0,CPM_DROP_PHY,8,9,699722426642,10897
veh9,699722426652,,7.71233,0,CPM_DROP_PHY,11,9,699722426652,10910
veh9,22680,,7.71283,0,CAM_DROP_PHY,2,9,22680,10914
veh9,699722426723,,7.71283,0,CPM_DROP_PHY,2,9,699722426723,10914
veh9,699722426717,,7.72333,0,CPM_DROP_PHY,10,9,699722426717,10924
veh9,699722426743,,7.74033,0,CPM_DROP_PHY,5,9,699722426743,10950
veh9,699722426758,,7.74683,0,CPM_DROP_PHY,3,9,699722426758,10966
veh9,22806,7.75074,,0,CAM,9,,22806,-1
veh9,699722426771,,7.75158,0,CPM_DROP_PHY,12,9,699722426771,10978
veh9,699722426761,,7.75583,0,CPM_DROP_PHY,7,9,699722426761,10968
veh9,699722426806,,7.78008,0,CPM_DROP_PHY,4,9,699722426806,11020
veh9,699722426797,,7.78058,0,CPM_DROP_PHY,6,9,699722426797,11012
veh9,699722426838,,7.81233,0,CPM_DROP_PHY,11,9,699722426838,11061
veh9,699722426907,,7.81283,0,CPM_DROP_PHY,2,9,699722426907,11073
veh9,22939,,7.82008,0,CAM_DROP_PHY,4,9,22939,11088
veh9,22921,,7.82033,0,CAM_DROP_PHY,5,9,22921,11071
veh9,699722426901,,7.82333,0,CPM_DROP_PHY,10,9,699722426901,11072
veh9,23069,,7.83758,0,CAM_DROP_PHY,8,9,23069,11118
veh9,699722427032,,7.84033,0,CPM_DROP_PHY,5,9,699722427032,11101
veh9,23074,,7.84683,0,CAM_DROP_PHY,3,9,23074,11125
veh9,699722427054,,7.84683,0,CPM_DROP_PHY,3,9,699722427054,11125
veh9,23106,7.85074,,0,CAM,9,,23106,-1
veh9,699722427071,,7.85158,0,CPM_DROP_PHY,12,9,699722427071,11142
veh9,699722427057,,7.85583,0,CPM_DROP_PHY,7,9,699722427057,11129
veh9,23091,,7.85583,0,CAM_DROP_PHY,7,9,23091,11129
veh9,23112,,7.86058,0,CAM_DROP_PHY,6,9,23112,11160
veh9,699722427111,,7.88008,0,CPM_DROP_PHY,4,9,699722427111,11193
veh9,699722427102,,7.88058,0,CPM_DROP_PHY,6,9,699722427102,11184
veh9,23152,,7.88333,0,CAM_DROP_PHY,10,9,23152,11212
veh9,699722427148,,7.91233,0,CPM_DROP_PHY,11,9,699722427148,11245
veh9,23182,,7.91233,0,CAM_DROP_PHY,11,9,23182,11245
veh9,23176,,7.91283,0,CAM_DROP_PHY,2,9,23176,11249
veh9,699722427220,,7.91283,0,CPM_DROP_PHY,2,9,699722427220,11249
veh9,699722427214,,7.92333,0,CPM_DROP_PHY,10,9,699722427214,11258
veh9,699722427238,,7.94033,0,CPM_DROP_PHY,5,9,699722427238,11280
veh9,699722427252,,7.94683,0,CPM_DROP_PHY,3,9,699722427252,11296
veh9,23300,7.95074,,0,CAM,9,,23300,-1
veh9,699722427266,,7.95158,0,CPM_DROP_PHY,12,9,699722427266,11308
veh9,699722427256,,7.95583,0,CPM_DROP_PHY,7,9,699722427256,11298
veh9,699722427291,,7.97783,0,CPM_DROP_PHY,6,9,699722427291,11342
veh9,699722427300,,7.98008,0,CPM_DROP_PHY,4,9,699722427300,11350
veh9,699722427331,,8.01233,0,CPM_DROP_PHY,11,9,699722427331,11391
veh9,699722427401,,8.01283,0,CPM_DROP_PHY,2,9,699722427401,11404
veh9,23414,,8.02033,0,CAM_DROP_PHY,5,9,23414,11401
veh9,699722427395,,8.02358,0,CPM_DROP_PHY,10,9,699722427395,11402
veh9,699722427420,,8.04033,0,CPM_DROP_PHY,5,9,699722427420,11428
veh9,699722427435,,8.04683,0,CPM_DROP_PHY,3,9,699722427435,11447
veh9,699722427448,,8.05058,0,CPM_DROP_PHY,12,9,699722427448,11459
veh9,23483,8.05074,,0,CAM,9,,23483,-1
veh9,699722427438,,8.05583,0,CPM_DROP_PHY,7,9,699722427438,11450
veh9,699722427477,,8.07783,0,CPM_DROP_PHY,6,9,699722427477,11493
veh9,699722427486,,8.08008,0,CPM_DROP_PHY,4,9,699722427486,11501
veh9,699722427518,,8.11233,0,CPM_DROP_PHY,11,9,699722427518,11542
veh9,23547,,8.11283,0,CAM_DROP_PHY,2,9,23547,11546
veh9,699722427592,,8.11283,0,CPM_DROP_PHY,2,9,699722427592,11546
veh9,23625,,8.12008,0,CAM_DROP_PHY,4,9,23625,11570
veh9,699722427585,,8.12358,0,CPM_DROP_PHY,10,9,699722427585,11553
veh9,699722427614,,8.14058,0,CPM_DROP_PHY,5,9,699722427614,11578
veh9,23653,,8.14683,0,CAM_DROP_PHY,3,9,23653,11600
veh9,699722427633,,8.14683,0,CPM_DROP_PHY,3,9,699722427633,11600
veh9,699722427649,,8.15058,0,CPM_DROP_PHY,12,9,699722427649,11612
veh9,23685,8.15074,,0,CAM,9,,23685,-1
veh9,699722427636,,8.15133,0,CPM_DROP_PHY,7,9,699722427636,11603
veh9,23670,,8.15133,0,CAM_DROP_PHY,7,9,23670,11603
veh9,23691,,8.15783,0,CAM_DROP_PHY,6,9,23691,11629
veh9,699722427681,,8.17783,0,CPM_DROP_PHY,6,9,699722427681,11653
veh9,699722427689,,8.18008,0,CPM_DROP_PHY,4,9,699722427689,11659
veh9,699722427715,,8.19758,0,CPM_DROP_PHY,8,9,699722427715,11693
veh9,699722427725,,8.21233,0,CPM_DROP_PHY,11,9,699722427725,11707
veh9,699722427788,,8.22358,0,CPM_DROP_PHY,10,9,699722427788,11718
veh9,699722427794,,8.22983,0,CPM_DROP_PHY,2,9,699722427794,11722
veh9,23841,,8.23058,0,CAM_DROP_PHY,12,9,23841,11746
veh9,699722427811,,8.24058,0,CPM_DROP_PHY,5,9,699722427811,11741
veh9,699722427831,,8.24233,0,CPM_DROP_PHY,3,9,699722427831,11764
veh9,699722427846,,8.25058,0,CPM_DROP_PHY,12,9,699722427846,11780
veh9,23880,8.25074,,0,CAM,9,,23880,-1
veh9,699722427834,,8.25133,0,CPM_DROP_PHY,7,9,699722427834,11765
veh9,699722427872,,8.27783,0,CPM_DROP_PHY,6,9,699722427872,11816
veh9,699722427881,,8.28008,0,CPM_DROP_PHY,4,9,699722427881,11823
veh9,699722427918,,8.30683,0,CPM_DROP_PHY,11,9,699722427918,11872
veh9,23947,,8.30983,0,CAM_DROP_PHY,2,9,23947,11876
veh9,24103,,8.32058,0,CAM_DROP_PHY,5,9,24103,11885
veh9,699722428090,,8.32983,0,CPM_DROP_PHY,2,9,699722428090,11894
veh9,699722428107,,8.34058,0,CPM_DROP_PHY,5,9,699722428107,11911
veh9,699722428123,,8.34233,0,CPM_DROP_PHY,3,9,699722428123,11934
veh9,699722428138,,8.35058,0,CPM_DROP_PHY,12,9,699722428138,11948
veh9,24172,8.35074,,0,CAM,9,,24172,-1
veh9,699722428126,,8.35133,0,CPM_DROP_PHY,7,9,699722428126,11936
veh9,24177,,8.35783,0,CAM_DROP_PHY,6,9,24177,11964
veh9,699722428176,,8.37458,0,CPM_DROP_PHY,4,9,699722428176,11994
veh9,699722428167,,8.37783,0,CPM_DROP_PHY,6,9,699722428167,11987
veh9,699722428209,,8.40683,0,CPM_DROP_PHY,11,9,699722428209,12040
veh9,699722428083,,8.42358,0,CPM_DROP_PHY,10,9,699722428083,11888
veh9,699722428272,,8.42358,0,CPM_DROP_PHY,10,9,699722428272,12053
veh9,699722428278,,8.42983,0,CPM_DROP_PHY,2,9,699722428278,12056
veh9,24327,,8.43058,0,CAM_DROP_PHY,12,9,24327,12074
veh9,24309,,8.43458,0,CAM_DROP_PHY,4,9,24309,12065
veh9,24337,,8.43733,0,CAM_DROP_PHY,8,9,24337,12084
veh9,699722428298,,8.44058,0,CPM_DROP_PHY,5,9,699722428298,12068
veh9,24342,,8.44233,0,CAM_DROP_PHY,3,9,24342,12092
veh9,699722428324,,8.44233,0,CPM_DROP_PHY,3,9,699722428324,12092
veh9,699722428343,,8.45058,0,CPM_DROP_PHY,12,9,699722428343,12118
veh9,24378,8.45074,,0,CAM,9,,24378,-1
veh9,699722428328,,8.45133,0,CPM_DROP_PHY,7,9,699722428328,12098
veh9,24363,,8.45133,0,CAM_DROP_PHY,7,9,24363,12098
veh9,24383,,8.45783,0,CAM_DROP_PHY,6,9,24383,12140
veh9,699722428382,,8.47458,0,CPM_DROP_PHY,4,9,699722428382,12171
veh9,699722428374,,8.47783,0,CPM_DROP_PHY,6,9,699722428374,12164
veh9,699722428419,,8.50683,0,CPM_DROP_PHY,11,9,699722428419,12224
veh9,24453,,8.50683,0,CAM_DROP_PHY,11,9,24453,12224
veh9,24448,,8.50983,0,CAM_DROP_PHY,2,9,24448,12228
veh9,699722428493,,8.52983,0,CPM_DROP_PHY,2,9,699722428493,12246
veh9,24541,,8.53058,0,CAM_DROP_PHY,12,9,24541,12267
veh9,699722428511,,8.54058,0,CPM_DROP_PHY,5,9,699722428511,12260
veh9,699722428531,,8.54233,0,CPM_DROP_PHY,3,9,699722428531,12285
veh9,699722428546,,8.55058,0,CPM_DROP_PHY,12,9,699722428546,12300
veh9,24580,8.55074,,0,CAM,9,,24580,-1
veh9,699722428534,,8.55133,0,CPM_DROP_PHY,7,9,699722428534,12286
veh9,24586,,8.55783,0,CAM_DROP_PHY,6,9,24586,12317
veh9,699722428587,,8.57458,0,CPM_DROP_PHY,4,9,699722428587,12347
veh9,699722428579,,8.57783,0,CPM_DROP_PHY,6,9,699722428579,12340
veh9,699722428621,,8.60683,0,CPM_DROP_PHY,11,9,699722428621,12393
veh9,24703,,8.62058,0,CAM_DROP_PHY,5,9,24703,12404
veh9,699722428486,,8.62358,0,CPM_DROP_PHY,10,9,699722428486,12240
veh9,699722428684,,8.62358,0,CPM_DROP_PHY,10,9,699722428684,12407
veh9,699722428690,,8.62983,0,CPM_DROP_PHY,2,9,699722428690,12410
veh9,24736,,8.63058,0,CAM_DROP_PHY,12,9,24736,12430
veh9,699722428707,,8.64058,0,CPM_DROP_PHY,5,9,699722428707,12424
veh9,699722428727,,8.64233,0,CPM_DROP_PHY,3,9,699722428727,12451
veh9,699722428742,,8.65058,0,CPM_DROP_PHY,12,9,699722428742,12467
veh9,24778,8.65074,,0,CAM,9,,24778,-1
veh9,699722428730,,8.65133,0,CPM_DROP_PHY,7,9,699722428730,12453
veh9,24783,,8.65783,0,CAM_DROP_PHY,6,9,24783,12484
veh9,699722428782,,8.67458,0,CPM_DROP_PHY,4,9,699722428782,12514
veh9,699722428773,,8.67783,0,CPM_DROP_PHY,6,9,699722428773,12507
veh9,699722428811,,8.69733,0,CPM_DROP_PHY,8,9,699722428811,12554
veh9,699722428821,,8.70683,0,CPM_DROP_PHY,11,9,699722428821,12568
veh9,24850,,8.70958,0,CAM_DROP_PHY,2,9,24850,12572
veh9,699722428892,,8.72958,0,CPM_DROP_PHY,2,9,699722428892,12592
veh9,24941,,8.73058,0,CAM_DROP_PHY,12,9,24941,12618
veh9,24924,,8.73458,0,CAM_DROP_PHY,4,9,24924,12608
veh9,699722428912,,8.74058,0,CPM_DROP_PHY,5,9,699722428912,12612
veh9,24954,,8.74233,0,CAM_DROP_PHY,3,9,24954,12634
veh9,699722428935,,8.74233,0,CPM_DROP_PHY,3,9,699722428935,12634
veh9,699722428953,,8.75058,0,CPM_DROP_PHY,12,9,699722428953,12660
veh9,24988,8.75074,,0,CAM,9,,24988,-1
veh9,699722428938,,8.75133,0,CPM_DROP_PHY,7,9,699722428938,12641
veh9,24973,,8.75133,0,CAM_DROP_PHY,7,9,24973,12641
veh9,24993,,8.75783,0,CAM_DROP_PHY,6,9,24993,12677
veh9,699722429095,,8.77458,0,CPM_DROP_PHY,4,9,699722429095,12707
veh9,699722429086,,8.77783,0,CPM_DROP_PHY,6,9,699722429086,12700
veh9,699722429127,,8.80683,0,CPM_DROP_PHY,11,9,699722429127,12752
veh9,699722428885,,8.82358,0,CPM_DROP_PHY,10,9,699722428885,12587
veh9,699722429187,,8.82358,0,CPM_DROP_PHY,10,9,699722429187,12766
veh9,699722429193,,8.82958,0,CPM_DROP_PHY,2,9,699722429193,12769
veh9,25239,,8.83058,0,CAM_DROP_PHY,12,9,25239,12786
veh9,699722429233,,8.83683,0,CPM_DROP_PHY,7,9,699722429233,12804
veh9,699722429209,,8.84058,0,CPM_DROP_PHY,5,9,699722429209,12780
veh9,699722429230,,8.84233,0,CPM_DROP_PHY,3,9,699722429230,12803
veh9,699722429246,,8.85058,0,CPM_DROP_PHY,12,9,699722429246,12824
veh9,25280,8.85074,,0,CAM,9,,25280,-1
veh9,25286,,8.85783,0,CAM_DROP_PHY,6,9,25286,12840
veh9,699722429283,,8.87458,0,CPM_DROP_PHY,4,9,699722429283,12869
veh9,699722429275,,8.87783,0,CPM_DROP_PHY,6,9,699722429275,12862
veh9,25327,,8.89883,0,CAM_DROP_PHY,10,9,25327,12893
veh9,699722429319,,8.90683,0,CPM_DROP_PHY,11,9,699722429319,12912
veh9,25348,,8.90958,0,CAM_DROP_PHY,2,9,25348,12916
veh9,699722429388,,8.91883,0,CPM_DROP_PHY,10,9,699722429388,12935
veh9,25407,,8.92058,0,CAM_DROP_PHY,5,9,25407,12931
veh9,699722429395,,8.92958,0,CPM_DROP_PHY,2,9,699722429395,12940
veh9,25442,,8.93058,0,CAM_DROP_PHY,12,9,25442,12969
veh9,699722429438,,8.93683,0,CPM_DROP_PHY,7,9,699722429438,12988
veh9,25452,,8.93733,0,CAM_DROP_PHY,8,9,25452,12977
veh9,699722429413,,8.94058,0,CPM_DROP_PHY,5,9,699722429413,12963
veh9,699722429435,,8.94233,0,CPM_DROP_PHY,3,9,699722429435,12986
veh9,699722429452,,8.95058,0,CPM_DROP_PHY,12,9,699722429452,13011
veh9,25487,8.95074,,0,CAM,9,,25487,-1
veh9,699722429487,,8.97458,0,CPM_DROP_PHY,4,9,699722429487,13056
veh9,699722429479,,8.97683,0,CPM_DROP_PHY,6,9,699722429479,13050
veh9,699722429519,,9.00683,0,CPM_DROP_PHY,11,9,699722429519,13094
veh9,699722429579,,9.02558,0,CPM_DROP_PHY,10,9,699722429579,13108
veh9,699722429585,,9.02958,0,CPM_DROP_PHY,2,9,699722429585,13111
veh9,25635,,9.03058,0,CAM_DROP_PHY,12,9,25635,13133
veh9,25617,,9.03458,0,CAM_DROP_PHY,4,9,25617,13123
veh9,699722429632,,9.03683,0,CPM_DROP_PHY,7,9,699722429632,13151
veh9,699722429605,,9.04058,0,CPM_DROP_PHY,5,9,699722429605,13127
veh9,25647,,9.04233,0,CAM_DROP_PHY,3,9,25647,13144
veh9,699722429628,,9.04233,0,CPM_DROP_PHY,3,9,699722429628,13144
veh9,699722429648,,9.05058,0,CPM_DROP_PHY,12,9,699722429648,13176
veh9,25683,9.05074,,0,CAM,9,,25683,-1
veh9,25688,,9.05683,0,CAM_DROP_PHY,6,9,25688,13192
veh9,25668,,9.05683,0,CAM_DROP_PHY,7,9,25668,13175
veh9,699722429678,,9.07683,0,CPM_DROP_PHY,6,9,699722429678,13219
veh9,699722429687,,9.07933,0,CPM_DROP_PHY,4,9,699722429687,13229
veh9,699722429723,,9.10683,0,CPM_DROP_PHY,11,9,699722429723,13270
veh9,25757,,9.10683,0,CAM_DROP_PHY,11,9,25757,13270
veh9,25753,,9.10958,0,CAM_DROP_PHY,2,9,25753,13274
veh9,699722429790,,9.11883,0,CPM_DROP_PHY,10,9,699722429790,13286
veh9,699722429797,,9.12958,0,CPM_DROP_PHY,2,9,699722429797,13291
veh9,25844,,9.13058,0,CAM_DROP_PHY,12,9,25844,13317
veh9,699722429836,,9.13683,0,CPM_DROP_PHY,7,9,699722429836,13330
veh9,699722429814,,9.14058,0,CPM_DROP_PHY,5,9,699722429814,13311
veh9,699722429833,,9.14233,0,CPM_DROP_PHY,3,9,699722429833,13329
veh9,699722429850,,9.15058,0,CPM_DROP_PHY,12,9,699722429850,13352
veh9,25885,9.15074,,0,CAM,9,,25885,-1
veh9,699722429876,,9.17683,0,CPM_DROP_PHY,6,9,699722429876,13386
veh9,699722429885,,9.17933,0,CPM_DROP_PHY,4,9,699722429885,13392
veh9,699722429910,,9.19733,0,CPM_DROP_PHY,8,9,699722429910,13421
veh9,25924,,9.19883,0,CAM_DROP_PHY,10,9,25924,13411
veh9,699722429920,,9.20683,0,CPM_DROP_PHY,11,9,699722429920,13432
veh9,699722429987,,9.21883,0,CPM_DROP_PHY,10,9,699722429987,13458
veh9,26006,,9.22058,0,CAM_DROP_PHY,5,9,26006,13453
veh9,699722430094,,9.22958,0,CPM_DROP_PHY,2,9,699722430094,13461
veh9,26144,,9.23058,0,CAM_DROP_PHY,12,9,26144,13488
veh9,699722430136,,9.23683,0,CPM_DROP_PHY,7,9,699722430136,13505
veh9,699722430113,,9.24058,0,CPM_DROP_PHY,5,9,699722430113,13482
veh9,699722430133,,9.24233,0,CPM_DROP_PHY,3,9,699722430133,13503
veh9,699722430149,,9.25058,0,CPM_DROP_PHY,12,9,699722430149,13527
veh9,26184,9.25074,,0,CAM,9,,26184,-1
veh9,26188,,9.25683,0,CAM_DROP_PHY,6,9,26188,13542
veh9,699722430177,,9.27683,0,CPM_DROP_PHY,6,9,699722430177,13565
veh9,699722430185,,9.27933,0,CPM_DROP_PHY,4,9,699722430185,13572
veh9,699722430218,,9.30683,0,CPM_DROP_PHY,11,9,699722430218,13614
veh9,26247,,9.30958,0,CAM_DROP_PHY,2,9,26247,13617
veh9,699722430282,,9.31883,0,CPM_DROP_PHY,10,9,699722430282,13629
veh9,699722430289,,9.32958,0,CPM_DROP_PHY,2,9,699722430289,13634
veh9,26322,,9.33933,0,CAM_DROP_PHY,4,9,26322,13649
veh9,699722430311,,9.34058,0,CPM_DROP_PHY,5,9,699722430311,13654
veh9,26349,,9.34233,0,CAM_DROP_PHY,3,9,26349,13667
veh9,699722430329,,9.34233,0,CPM_DROP_PHY,3,9,699722430329,13667
veh9,699722430332,,9.34708,0,CPM_DROP_PHY,7,9,699722430332,13670
veh9,26367,,9.34708,0,CAM_DROP_PHY,7,9,26367,13670
veh9,699722430348,,9.35058,0,CPM_DROP_PHY,12,9,699722430348,13689
veh9,26383,9.35074,,0,CAM,9,,26383,-1
veh9,699722430374,,9.37683,0,CPM_DROP_PHY,6,9,699722430374,13727
veh9,699722430381,,9.37933,0,CPM_DROP_PHY,4,9,699722430381,13730
veh9,699722430411,,9.40683,0,CPM_DROP_PHY,11,9,699722430411,13768
veh9,699722430472,,9.41883,0,CPM_DROP_PHY,10,9,699722430472,13782
veh9,699722430479,,9.42958,0,CPM_DROP_PHY,2,9,699722430479,13786
veh9,26526,,9.43058,0,CAM_DROP_PHY,12,9,26526,13806
veh9,699722430496,,9.43683,0,CPM_DROP_PHY,5,9,699722430496,13799
veh9,699722430515,,9.44233,0,CPM_DROP_PHY,3,9,699722430515,13818
veh9,699722430518,,9.44708,0,CPM_DROP_PHY,7,9,699722430518,13819
veh9,26553,,9.44708,0,CAM_DROP_PHY,7,9,26553,13819
veh9,699722430533,,9.45058,0,CPM_DROP_PHY,12,9,699722430533,13837
veh9,26568,9.45074,,0,CAM,9,,26568,-1
veh9,699722430558,,9.47683,0,CPM_DROP_PHY,6,9,699722430558,13872
veh9,699722430567,,9.47933,0,CPM_DROP_PHY,4,9,699722430567,13876
veh9,26609,,9.49883,0,CAM_DROP_PHY,10,9,26609,13898
veh9,26631,,9.50508,0,CAM_DROP_PHY,2,9,26631,13918
veh9,699722430602,,9.50683,0,CPM_DROP_PHY,11,9,699722430602,13914
veh9,26693,,9.51683,0,CAM_DROP_PHY,5,9,26693,13936
veh9,699722430675,,9.51883,0,CPM_DROP_PHY,10,9,699722430675,13942
veh9,699722430680,,9.52508,0,CPM_DROP_PHY,2,9,699722430680,13944
veh9,699722430700,,9.53683,0,CPM_DROP_PHY,5,9,699722430700,13964
veh9,26735,,9.53933,0,CAM_DROP_PHY,8,9,26735,13978
veh9,699722430718,,9.54233,0,CPM_DROP_PHY,3,9,699722430718,13984
veh9,699722430721,,9.54708,0,CPM_DROP_PHY,7,9,699722430721,13986
veh9,26756,,9.54708,0,CAM_DROP_PHY,7,9,26756,13986
veh9,699722430737,,9.54783,0,CPM_DROP_PHY,12,9,699722430737,14004
veh9,26772,9.55074,,0,CAM,9,,26772,-1
veh9,26777,,9.55683,0,CAM_DROP_PHY,6,9,26777,14023
veh9,699722430766,,9.57683,0,CPM_DROP_PHY,6,9,699722430766,14045
veh9,699722430774,,9.57933,0,CPM_DROP_PHY,4,9,699722430774,14051
veh9,699722430810,,9.60683,0,CPM_DROP_PHY,11,9,699722430810,14090
veh9,699722430872,,9.61883,0,CPM_DROP_PHY,10,9,699722430872,14106
veh9,699722430878,,9.62508,0,CPM_DROP_PHY,2,9,699722430878,14108
veh9,699722430900,,9.63683,0,CPM_DROP_PHY,5,9,699722430900,14122
veh9,26910,,9.63933,0,CAM_DROP_PHY,4,9,26910,14119
veh9,26938,,9.64233,0,CAM_DROP_PHY,3,9,26938,14136
veh9,699722430918,,9.64233,0,CPM_DROP_PHY,3,9,699722430918,14136
veh9,699722430921,,9.64708,0,CPM_DROP_PHY,7,9,699722430921,14140
veh9,26956,,9.64708,0,CAM_DROP_PHY,7,9,26956,14140
veh9,699722430936,,9.64783,0,CPM_DROP_PHY,12,9,699722430936,14157
veh9,26972,9.65074,,0,CAM,9,,26972,-1
veh9,699722430962,,9.67683,0,CPM_DROP_PHY,6,9,699722430962,14195
veh9,699722430970,,9.67933,0,CPM_DROP_PHY,4,9,699722430970,14200
veh9,699722430995,,9.69933,0,CPM_DROP_PHY,8,9,699722430995,14227
veh9,27135,,9.70508,0,CAM_DROP_PHY,2,9,27135,14241
veh9,699722431106,,9.70683,0,CPM_DROP_PHY,11,9,699722431106,14237
veh9,27140,,9.70683,0,CAM_DROP_PHY,11,9,27140,14237
veh9,699722431186,,9.72508,0,CPM_DROP_PHY,2,9,699722431186,14267
veh9,699722431180,,9.72858,0,CPM_DROP_PHY,10,9,699722431180,14265
veh9,699722431204,,9.73683,0,CPM_DROP_PHY,5,9,699722431204,14281
veh9,699722431220,,9.73783,0,CPM_DROP_PHY,3,9,699722431220,14299
veh9,699722431223,,9.74708,0,CPM_DROP_PHY,7,9,699722431223,14300
veh9,27257,,9.74708,0,CAM_DROP_PHY,7,9,27257,14300
veh9,699722431238,,9.74783,0,CPM_DROP_PHY,12,9,699722431238,14316
veh9,27272,9.75074,,0,CAM,9,,27272,-1
veh9,699722431270,,9.76883,0,CPM_DROP_PHY,4,9,699722431270,14355
veh9,699722431262,,9.77533,0,CPM_DROP_PHY,6,9,699722431262,14350
veh9,699722431305,,9.80608,0,CPM_DROP_PHY,11,9,699722431305,14393
veh9,27391,,9.81683,0,CAM_DROP_PHY,5,9,27391,14403
veh9,699722431377,,9.82508,0,CPM_DROP_PHY,2,9,699722431377,14410
veh9,699722431372,,9.82858,0,CPM_DROP_PHY,10,9,699722431372,14407
veh9,699722431396,,9.83683,0,CPM_DROP_PHY,5,9,699722431396,14422
veh9,699722431412,,9.83783,0,CPM_DROP_PHY,3,9,699722431412,14444
veh9,699722431415,,9.84708,0,CPM_DROP_PHY,7,9,699722431415,14446
veh9,699722431426,,9.84783,0,CPM_DROP_PHY,12,9,699722431426,14460
veh9,27461,9.85074,,0,CAM,9,,27461,-1
veh9,27465,,9.85533,0,CAM_DROP_PHY,6,9,27465,14479
veh9,699722431462,,9.86883,0,CPM_DROP_PHY,4,9,699722431462,14504
veh9,699722431454,,9.87533,0,CPM_DROP_PHY,6,9,699722431454,14499
veh9,27524,,9.90508,0,CAM_DROP_PHY,2,9,27524,14548
veh9,699722431496,,9.90608,0,CPM_DROP_PHY,11,9,699722431496,14545
veh9,699722431570,,9.92508,0,CPM_DROP_PHY,2,9,699722431570,14565
veh9,699722431564,,9.92858,0,CPM_DROP_PHY,10,9,699722431564,14562
veh9,27602,,9.92883,0,CAM_DROP_PHY,4,9,27602,14577
veh9,699722431592,,9.93683,0,CPM_DROP_PHY,5,9,699722431592,14579
veh9,27633,,9.93783,0,CAM_DROP_PHY,3,9,27633,14600
veh9,699722431613,,9.93783,0,CPM_DROP_PHY,3,9,699722431613,14600
veh9,699722431617,,9.94708,0,CPM_DROP_PHY,7,9,699722431617,14605
veh9,27652,,9.94708,0,CAM_DROP_PHY,7,9,27652,14605
veh9,27622,,9.94783,0,CAM_DROP_PHY,12,9,27622,14587
veh9,699722431632,,9.94783,0,CPM_DROP_PHY,12,9,699722431632,14587
veh9,27668,9.95074,,0,CAM,9,,27668,-1
veh9,699722431664,,9.96883,0,CPM_DROP_PHY,4,9,699722431664,14662
veh9,699722431657,,9.97533,0,CPM_DROP_PHY,6,9,699722431657,14657
veh9,27709,,9.98858,0,CAM_DROP_PHY,10,9,27709,14687
veh9,699722431702,,10.0061,0,CPM_DROP_PHY,11,9,699722431702,14705
veh9,699722431778,,10.0251,0,CPM_DROP_PHY,2,9,699722431778,14725
veh9,27732,,10.0261,0,CAM_DROP_PHY,11,9,27732,14705
veh9,699722431772,,10.0286,0,CPM_DROP_PHY,10,9,699722431772,14722
veh9,699722431799,,10.0368,0,CPM_DROP_PHY,5,9,699722431799,14734
veh9,699722431815,,10.0378,0,CPM_DROP_PHY,3,9,699722431815,14757
veh9,699722431818,,10.0471,0,CPM_DROP_PHY,7,9,699722431818,14758
veh9,699722431831,,10.0478,0,CPM_DROP_PHY,12,9,699722431831,14775
veh9,27865,10.0507,,0,CAM,9,,27865,-1
veh9,699722431864,,10.0688,0,CPM_DROP_PHY,4,9,699722431864,14814
veh9,699722431856,,10.0753,0,CPM_DROP_PHY,6,9,699722431856,14809
veh9,27928,,10.1051,0,CAM_DROP_PHY,2,9,27928,14855
veh9,699722431899,,10.1061,0,CPM_DROP_PHY,11,9,699722431899,14852
veh9,27992,,10.1168,0,CAM_DROP_PHY,5,9,27992,14865
veh9,699722431978,,10.1251,0,CPM_DROP_PHY,2,9,699722431978,14873
veh9,699722431972,,10.1286,0,CPM_DROP_PHY,10,9,699722431972,14870
veh9,699722431998,,10.1368,0,CPM_DROP_PHY,5,9,699722431998,14889
veh9,699722432121,,10.1378,0,CPM_DROP_PHY,3,9,699722432121,14912
veh9,28137,,10.1393,0,CAM_DROP_PHY,8,9,28137,14904
veh9,699722432142,,10.1466,0,CPM_DROP_PHY,12,9,699722432142,14933
veh9,28178,10.1507,,0,CAM,9,,28178,-1
veh9,28182,,10.1553,0,CAM_DROP_PHY,6,9,28182,14955
veh9,699722432124,,10.1576,0,CPM_DROP_PHY,7,9,699722432124,14914
veh9,28161,,10.1576,0,CAM_DROP_PHY,7,9,28161,14914
veh9,699722432180,,10.1688,0,CPM_DROP_PHY,4,9,699722432180,14981
veh9,699722432172,,10.1753,0,CPM_DROP_PHY,6,9,699722432172,14976
veh9,699722432210,,10.1993,0,CPM_DROP_PHY,8,9,699722432210,15013
veh9,699722432219,,10.2061,0,CPM_DROP_PHY,11,9,699722432219,15024
veh9,28250,,10.2261,0,CAM_DROP_PHY,11,9,28250,15024
veh9,699722432291,,10.2286,0,CPM_DROP_PHY,10,9,699722432291,15049
veh9,28325,,10.2288,0,CAM_DROP_PHY,4,9,28325,15061
veh9,699722432315,,10.2368,0,CPM_DROP_PHY,5,9,699722432315,15062
veh9,28354,,10.2378,0,CAM_DROP_PHY,3,9,28354,15082
veh9,699722432334,,10.2378,0,CPM_DROP_PHY,3,9,699722432334,15082
veh9,699722432350,,10.2466,0,CPM_DROP_PHY,12,9,699722432350,15103
veh9,28384,10.2507,,0,CAM,9,,28384,-1
veh9,699722432337,,10.2576,0,CPM_DROP_PHY,7,9,699722432337,15085
veh9,699722432383,,10.2688,0,CPM_DROP_PHY,4,9,699722432383,15144
veh9,699722432375,,10.2753,0,CPM_DROP_PHY,6,9,699722432375,15139
veh9,28448,,10.3051,0,CAM_DROP_PHY,2,9,28448,15190
veh9,699722432419,,10.3061,0,CPM_DROP_PHY,11,9,699722432419,15183
veh9,699722432487,,10.3286,0,CPM_DROP_PHY,10,9,699722432487,15205
veh9,699722432512,,10.3368,0,CPM_DROP_PHY,5,9,699722432512,15221
veh9,699722434178,,10.3378,0,CPM_DROP_PHY,3,9,699722434178,15233
veh9,699722434191,,10.3466,0,CPM_DROP_PHY,12,9,699722434191,15248
veh9,30224,10.3507,,0,CAM,9,,30224,-1
veh9,699722434181,,10.3576,0,CPM_DROP_PHY,7,9,699722434181,15234
veh9,699722434220,,10.3688,0,CPM_DROP_PHY,4,9,699722434220,15287
veh9,699722434212,,10.3753,0,CPM_DROP_PHY,6,9,699722434212,15282
veh9,699722434254,,10.4026,0,CPM_DROP_PHY,11,9,699722434254,15326
veh9,30285,,10.4226,0,CAM_DROP_PHY,11,9,30285,15326
veh9,30339,,10.4261,0,CAM_DROP_PHY,5,9,30339,15345
veh9,699722434319,,10.4286,0,CPM_DROP_PHY,10,9,699722434319,15347
veh9,699722434363,,10.4378,0,CPM_DROP_PHY,3,9,699722434363,15384
veh9,699722434344,,10.4461,0,CPM_DROP_PHY,5,9,699722434344,15345
veh9,30374,,10.4466,0,CAM_DROP_PHY,12,9,30374,15370
veh9,30418,10.4507,,0,CAM,9,,30418,-1
veh9,30422,,10.4553,0,CAM_DROP_PHY,6,9,30422,15421
veh9,699722434366,,10.4576,0,CPM_DROP_PHY,7,9,699722434366,15385
veh9,30401,,10.4576,0,CAM_DROP_PHY,7,9,30401,15385
veh9,699722434381,,10.4666,0,CPM_DROP_PHY,12,9,699722434381,15370
veh9,699722434422,,10.4688,0,CPM_DROP_PHY,4,9,699722434422,15452
veh9,699722434413,,10.4753,0,CPM_DROP_PHY,6,9,699722434413,15442
veh9,30471,,10.4886,0,CAM_DROP_PHY,10,9,30471,15479
veh9,699722434465,,10.5026,0,CPM_DROP_PHY,11,9,699722434465,15504
veh9,30494,,10.5051,0,CAM_DROP_PHY,2,9,30494,15506
veh9,699722434543,,10.5251,0,CPM_DROP_PHY,2,9,699722434543,15528
veh9,699722434566,,10.5261,0,CPM_DROP_PHY,5,9,699722434566,15542
veh9,699722434538,,10.5286,0,CPM_DROP_PHY,10,9,699722434538,15526
veh9,30575,,10.5288,0,CAM_DROP_PHY,4,9,30575,15538
veh9,30607,,10.5378,0,CAM_DROP_PHY,3,9,30607,15568
veh9,699722434587,,10.5378,0,CPM_DROP_PHY,3,9,699722434587,15568
veh9,699722434603,,10.5466,0,CPM_DROP_PHY,12,9,699722434603,15587
veh9,30638,10.5507,,0,CAM,9,,30638,-1
veh9,699722434591,,10.5576,0,CPM_DROP_PHY,7,9,699722434591,15573
veh9,699722434638,,10.5688,0,CPM_DROP_PHY,4,9,699722434638,15628
veh9,699722434629,,10.5753,0,CPM_DROP_PHY,6,9,699722434629,15620
veh9,699722434675,,10.6026,0,CPM_DROP_PHY,11,9,699722434675,15667
veh9,699722434768,,10.6261,0,CPM_DROP_PHY,5,9,699722434768,15693
veh9,699722434742,,10.6286,0,CPM_DROP_PHY,10,9,699722434742,15682
veh9,699722434788,,10.6378,0,CPM_DROP_PHY,3,9,699722434788,15712
veh9,30806,,10.6406,0,CAM_DROP_PHY,8,9,30806,15708
veh9,699722434791,,10.6408,0,CPM_DROP_PHY,7,9,699722434791,15713
veh9,699722434806,,10.6466,0,CPM_DROP_PHY,12,9,699722434806,15730
veh9,30844,10.6507,,0,CAM,9,,30844,-1
veh9,699722434844,,10.6686,0,CPM_DROP_PHY,4,9,699722434844,15772
veh9,699722434835,,10.6753,0,CPM_DROP_PHY,6,9,699722434835,15764
veh9,699722434873,,10.7006,0,CPM_DROP_PHY,8,9,699722434873,15801
veh9,699722434883,,10.7026,0,CPM_DROP_PHY,11,9,699722434883,15811
veh9,30911,,10.7051,0,CAM_DROP_PHY,2,9,30911,15813
veh9,30917,,10.7226,0,CAM_DROP_PHY,11,9,30917,15811
veh9,30980,,10.7261,0,CAM_DROP_PHY,5,9,30980,15833
veh9,699722434986,,10.7261,0,CPM_DROP_PHY,5,9,699722434986,15833
veh9,699722434961,,10.7286,0,CPM_DROP_PHY,10,9,699722434961,15839
veh9,699722435002,,10.7378,0,CPM_DROP_PHY,3,9,699722435002,15878
veh9,699722435005,,10.7408,0,CPM_DROP_PHY,7,9,699722435005,15879
veh9,699722435020,,10.7466,0,CPM_DROP_PHY,12,9,699722435020,15895
veh9,31056,10.7507,,0,CAM,9,,31056,-1
veh9,31060,,10.7553,0,CAM_DROP_PHY,6,9,31060,15912
veh9,31040,,10.7608,0,CAM_DROP_PHY,7,9,31040,15893
veh9,699722435059,,10.7686,0,CPM_DROP_PHY,4,9,699722435059,15942
veh9,699722435051,,10.7753,0,CPM_DROP_PHY,6,9,699722435051,15932
veh9,699722435203,,10.8026,0,CPM_DROP_PHY,11,9,699722435203,15986
veh9,699722435297,,10.8261,0,CPM_DROP_PHY,5,9,699722435297,16014
veh9,31306,,10.8286,0,CAM_DROP_PHY,4,9,31306,16008
veh9,699722435270,,10.8306,0,CPM_DROP_PHY,10,9,699722435270,16002
veh9,31338,,10.8378,0,CAM_DROP_PHY,3,9,31338,16033
veh9,699722435318,,10.8378,0,CPM_DROP_PHY,3,9,699722435318,16033
veh9,699722435321,,10.8408,0,CPM_DROP_PHY,7,9,699722435321,16038
veh9,31367,10.8507,,0,CAM,9,,31367,-1
veh9,699722435333,,10.8616,0,CPM_DROP_PHY,12,9,699722435333,16055
veh9,699722435366,,10.8686,0,CPM_DROP_PHY,4,9,699722435366,16088
veh9,699722435356,,10.8753,0,CPM_DROP_PHY,6,9,699722435356,16080
veh9,699722435404,,10.9026,0,CPM_DROP_PHY,11,9,699722435404,16130
veh9,31432,,10.9051,0,CAM_DROP_PHY,2,9,31432,16132
veh9,699722435475,,10.9106,0,CPM_DROP_PHY,10,9,699722435475,16149
veh9,699722435501,,10.9261,0,CPM_DROP_PHY,5,9,699722435501,16171
veh9,699722435516,,10.9378,0,CPM_DROP_PHY,3,9,699722435516,16185
veh9,699722435519,,10.9408,0,CPM_DROP_PHY,7,9,699722435519,16186
veh9,31564,10.9507,,0,CAM,9,,31564,-1
veh9,699722435531,,10.9616,0,CPM_DROP_PHY,12,9,699722435531,16199
veh9,699722435562,,10.9686,0,CPM_DROP_PHY,4,9,699722435562,16231
veh9,699722435553,,10.9753,0,CPM_DROP_PHY,6,9,699722435553,16223
veh9,699722435601,,11.0026,0,CPM_DROP_PHY,11,9,699722435601,16273
veh9,699722435672,,11.0106,0,CPM_DROP_PHY,10,9,699722435672,16290
veh9,31632,,11.0226,0,CAM_DROP_PHY,11,9,31632,16273
veh9,699722435678,,11.0253,0,CPM_DROP_PHY,2,9,699722435678,16294
veh9,31691,,11.0261,0,CAM_DROP_PHY,5,9,31691,16288
veh9,699722435700,,11.0261,0,CPM_DROP_PHY,5,9,699722435700,16288
veh9,699722435720,,11.0376,0,CPM_DROP_PHY,3,9,699722435720,16334
veh9,699722435724,,11.0408,0,CPM_DROP_PHY,7,9,699722435724,16337
veh9,31732,,11.0416,0,CAM_DROP_PHY,12,9,31732,16323
veh9,31774,11.0507,,0,CAM,9,,31774,-1
veh9,31779,,11.0553,0,CAM_DROP_PHY,6,9,31779,16372
veh9,31759,,11.0608,0,CAM_DROP_PHY,7,9,31759,16354
veh9,699722435740,,11.0616,0,CPM_DROP_PHY,12,9,699722435740,16356
veh9,699722435778,,11.0686,0,CPM_DROP_PHY,4,9,699722435778,16401
veh9,699722435768,,11.0753,0,CPM_DROP_PHY,6,9,699722435768,16391
veh9,31826,,11.0906,0,CAM_DROP_PHY,10,9,31826,16428
veh9,31850,,11.1053,0,CAM_DROP_PHY,2,9,31850,16455
veh9,699722435821,,11.1086,0,CPM_DROP_PHY,11,9,699722435821,16453
veh9,699722435889,,11.1106,0,CPM_DROP_PHY,10,9,699722435889,16473
veh9,699722435919,,11.1261,0,CPM_DROP_PHY,5,9,699722435919,16498
veh9,31928,,11.1286,0,CAM_DROP_PHY,4,9,31928,16493
veh9,31963,,11.1376,0,CAM_DROP_PHY,3,9,31963,16517
veh9,699722435943,,11.1376,0,CPM_DROP_PHY,3,9,699722435943,16517
veh9,31958,,11.1406,0,CAM_DROP_PHY,8,9,31958,16514
veh9,699722435947,,11.1408,0,CPM_DROP_PHY,7,9,699722435947,16522
veh9,31995,11.1507,,0,CAM,9,,31995,-1
veh9,699722435960,,11.1616,0,CPM_DROP_PHY,12,9,699722435960,16538
veh9,699722435993,,11.1686,0,CPM_DROP_PHY,4,9,699722435993,16574
veh9,699722435985,,11.1786,0,CPM_DROP_PHY,6,9,699722435985,16567
veh9,699722436024,,11.2006,0,CPM_DROP_PHY,8,9,699722436024,16607
veh9,699722436034,,11.2086,0,CPM_DROP_PHY,11,9,699722436034,16618
veh9,699722436211,,11.2106,0,CPM_DROP_PHY,10,9,699722436211,16637
veh9,699722436237,,11.2261,0,CPM_DROP_PHY,5,9,699722436237,16657
veh9,699722436252,,11.2376,0,CPM_DROP_PHY,3,9,699722436252,16671
veh9,699722436255,,11.2408,0,CPM_DROP_PHY,7,9,699722436255,16672
veh9,32302,11.2507,,0,CAM,9,,32302,-1
veh9,699722436267,,11.2616,0,CPM_DROP_PHY,12,9,699722436267,16685
veh9,699722436302,,11.2686,0,CPM_DROP_PHY,4,9,699722436302,16717
veh9,699722436292,,11.2786,0,CPM_DROP_PHY,6,9,699722436292,16710
veh9,32369,,11.3053,0,CAM_DROP_PHY,2,9,32369,16761
veh9,699722436340,,11.3086,0,CPM_DROP_PHY,11,9,699722436340,16760
veh9,699722436417,,11.3106,0,CPM_DROP_PHY,10,9,699722436417,16778
veh9,32436,,11.3261,0,CAM_DROP_PHY,5,9,32436,16773
veh9,699722436444,,11.3261,0,CPM_DROP_PHY,5,9,699722436444,16773
veh9,32375,,11.3286,0,CAM_DROP_PHY,11,9,32375,16760
veh9,699722436461,,11.3376,0,CPM_DROP_PHY,3,9,699722436461,16820
veh9,699722436464,,11.3408,0,CPM_DROP_PHY,7,9,699722436464,16821
veh9,32514,11.3507,,0,CAM,9,,32514,-1
veh9,32519,,11.3586,0,CAM_DROP_PHY,6,9,32519,16852
veh9,32500,,11.3608,0,CAM_DROP_PHY,7,9,32500,16837
veh9,699722436480,,11.3616,0,CPM_DROP_PHY,12,9,699722436480,16838
veh9,699722436518,,11.3686,0,CPM_DROP_PHY,4,9,699722436518,16878
veh9,699722436509,,11.3786,0,CPM_DROP_PHY,6,9,699722436509,16868
veh9,699722436555,,11.4086,0,CPM_DROP_PHY,11,9,699722436555,16928
veh9,699722436624,,11.4188,0,CPM_DROP_PHY,10,9,699722436624,16941
veh9,699722436631,,11.4253,0,CPM_DROP_PHY,2,9,699722436631,16946
veh9,699722436655,,11.4261,0,CPM_DROP_PHY,5,9,699722436655,16962
veh9,32664,,11.4286,0,CAM_DROP_PHY,4,9,32664,16958
veh9,32696,,11.4376,0,CAM_DROP_PHY,3,9,32696,16983
veh9,699722436676,,11.4376,0,CPM_DROP_PHY,3,9,699722436676,16983
veh9,699722436680,,11.4408,0,CPM_DROP_PHY,7,9,699722436680,16991
veh9,32726,11.4507,,0,CAM,9,,32726,-1
veh9,699722436692,,11.4616,0,CPM_DROP_PHY,12,9,699722436692,17005
veh9,699722436724,,11.4686,0,CPM_DROP_PHY,4,9,699722436724,17037
veh9,699722436715,,11.4786,0,CPM_DROP_PHY,6,9,699722436715,17031
veh9,32788,,11.5053,0,CAM_DROP_PHY,2,9,32788,17082
veh9,699722436760,,11.5086,0,CPM_DROP_PHY,11,9,699722436760,17080
veh9,699722436831,,11.5106,0,CPM_DROP_PHY,10,9,699722436831,17096
veh9,699722436838,,11.5253,0,CPM_DROP_PHY,2,9,699722436838,17102
veh9,699722436857,,11.5261,0,CPM_DROP_PHY,5,9,699722436857,17121
veh9,699722436873,,11.5376,0,CPM_DROP_PHY,3,9,699722436873,17140
veh9,699722436877,,11.5408,0,CPM_DROP_PHY,7,9,699722436877,17143
veh9,32922,11.5507,,0,CAM,9,,32922,-1
veh9,699722436888,,11.5616,0,CPM_DROP_PHY,12,9,699722436888,17156
veh9,699722436920,,11.5686,0,CPM_DROP_PHY,4,9,699722436920,17188
veh9,699722436911,,11.5786,0,CPM_DROP_PHY,6,9,699722436911,17182
veh9,699722436956,,11.6086,0,CPM_DROP_PHY,11,9,699722436956,17231
veh9,699722437026,,11.6106,0,CPM_DROP_PHY,10,9,699722437026,17245
veh9,33045,,11.6261,0,CAM_DROP_PHY,5,9,33045,17240
veh9,699722437053,,11.6261,0,CPM_DROP_PHY,5,9,699722437053,17240
veh9,699722437074,,11.6376,0,CPM_DROP_PHY,3,9,699722437074,17280
veh9,33086,,11.6416,0,CAM_DROP_PHY,12,9,33086,17272
veh9,699722437077,,11.6423,0,CPM_DROP_PHY,7,9,699722437077,17281
veh9,33227,11.6507,,0,CAM,9,,33227,-1
veh9,33234,,11.6586,0,CAM_DROP_PHY,6,9,33234,17314
veh9,699722437093,,11.6616,0,CPM_DROP_PHY,12,9,699722437093,17298
veh9,699722437235,,11.6686,0,CPM_DROP_PHY,4,9,699722437235,17341
veh9,699722437222,,11.6786,0,CPM_DROP_PHY,6,9,699722437222,17330
veh9,33281,,11.6906,0,CAM_DROP_PHY,10,9,33281,17374
veh9,699722437266,,11.6966,0,CPM_DROP_PHY,8,9,699722437266,17382
veh9,33308,,11.7053,0,CAM_DROP_PHY,2,9,33308,17402
veh9,699722437278,,11.7086,0,CPM_DROP_PHY,11,9,699722437278,17396
veh9,699722437351,,11.7106,0,CPM_DROP_PHY,10,9,699722437351,17423
veh9,33391,,11.7286,0,CAM_DROP_PHY,4,9,33391,17446
veh9,699722437381,,11.7361,0,CPM_DROP_PHY,5,9,699722437381,17449
veh9,33417,,11.7366,0,CAM_DROP_PHY,8,9,33417,17458
veh9,33421,,11.7376,0,CAM_DROP_PHY,3,9,33421,17460
veh9,699722437402,,11.7376,0,CPM_DROP_PHY,3,9,699722437402,17460
veh9,33456,11.7507,,0,CAM,9,,33456,-1
veh9,699722437420,,11.7616,0,CPM_DROP_PHY,12,9,699722437420,17490
veh9,699722437457,,11.7693,0,CPM_DROP_PHY,4,9,699722437457,17524
veh9,699722437446,,11.7786,0,CPM_DROP_PHY,6,9,699722437446,17518
veh9,33526,,11.8053,0,CAM_DROP_PHY,2,9,33526,17571
veh9,699722437497,,11.8086,0,CPM_DROP_PHY,11,9,699722437497,17567
veh9,699722437578,,11.8101,0,CPM_DROP_PHY,10,9,699722437578,17583
veh9,699722437586,,11.8253,0,CPM_DROP_PHY,2,9,699722437586,17590
veh9,33531,,11.8286,0,CAM_DROP_PHY,11,9,33531,17567
veh9,699722437607,,11.8361,0,CPM_DROP_PHY,5,9,699722437607,17609
veh9,699722437625,,11.8376,0,CPM_DROP_PHY,3,9,699722437625,17626
veh9,699722437405,,11.8423,0,CPM_DROP_PHY,7,9,699722437405,17465
veh9,699722437628,,11.8423,0,CPM_DROP_PHY,7,9,699722437628,17629
veh9,33637,,11.8481,0,CAM_DROP_PHY,12,9,33637,17615
veh9,33678,11.8507,,0,CAM,9,,33678,-1
veh9,699722437642,,11.8681,0,CPM_DROP_PHY,12,9,699722437642,17615
veh9,699722437675,,11.8693,0,CPM_DROP_PHY,4,9,699722437675,17687
veh9,699722437666,,11.8786,0,CPM_DROP_PHY,6,9,699722437666,17682
veh9,33739,,11.9053,0,CAM_DROP_PHY,2,9,33739,17738
veh9,699722437710,,11.9086,0,CPM_DROP_PHY,11,9,699722437710,17734
veh9,699722437787,,11.9101,0,CPM_DROP_PHY,10,9,699722437787,17750
veh9,33806,,11.9161,0,CAM_DROP_PHY,5,9,33806,17745
veh9,699722437795,,11.9253,0,CPM_DROP_PHY,2,9,699722437795,17757
veh9,699722437817,,11.9361,0,CPM_DROP_PHY,5,9,699722437817,17780
veh9,699722437832,,11.9376,0,CPM_DROP_PHY,3,9,699722437832,17795
veh9,699722437836,,11.9423,0,CPM_DROP_PHY,7,9,699722437836,17798
veh9,699722437853,,11.9481,0,CPM_DROP_PHY,12,9,699722437853,17816
veh9,33889,11.9507,,0,CAM,9,,33889,-1
veh9,33895,,11.9548,0,CAM_DROP_PHY,6,9,33895,17838
veh9,699722437894,,11.9693,0,CPM_DROP_PHY,4,9,699722437894,17865
veh9,699722437884,,11.9748,0,CPM_DROP_PHY,6,9,699722437884,17854
veh9,33958,,12.0053,0,CAM_DROP_PHY,2,9,33958,17914
veh9,699722437929,,12.0086,0,CPM_DROP_PHY,11,9,699722437929,17909
veh9,699722438005,,12.0101,0,CPM_DROP_PHY,10,9,699722438005,17924
veh9,699722438013,,12.0253,0,CPM_DROP_PHY,2,9,699722438013,17931
veh9,34045,,12.0293,0,CAM_DROP_PHY,4,9,34045,17946
veh9,699722438035,,12.0361,0,CPM_DROP_PHY,5,9,699722438035,17951
veh9,34076,,12.0376,0,CAM_DROP_PHY,3,9,34076,17964
veh9,699722438057,,12.0376,0,CPM_DROP_PHY,3,9,699722438057,17964
veh9,34066,,12.0481,0,CAM_DROP_PHY,12,9,34066,17957
veh9,34112,12.0507,,0,CAM,9,,34112,-1
veh9,699722438075,,12.0681,0,CPM_DROP_PHY,12,9,699722438075,17957
veh9,699722438112,,12.0693,0,CPM_DROP_PHY,4,9,699722438112,18030
veh9,699722438103,,12.0748,0,CPM_DROP_PHY,6,9,699722438103,18025
veh9,34262,,12.0901,0,CAM_DROP_PHY,10,9,34262,18060
veh9,699722438258,,12.1001,0,CPM_DROP_PHY,11,9,699722438258,18081
veh9,34287,,12.1053,0,CAM_DROP_PHY,2,9,34287,18087
veh9,699722438343,,12.1223,0,CPM_DROP_PHY,10,9,699722438343,18101
veh9,699722438351,,12.1253,0,CPM_DROP_PHY,2,9,699722438351,18107
veh9,699722438371,,12.1361,0,CPM_DROP_PHY,5,9,699722438371,18127
veh9,699722438061,,12.1423,0,CPM_DROP_PHY,7,9,699722438061,17972
veh9,699722438389,,12.1423,0,CPM_DROP_PHY,7,9,699722438389,18143
veh9,699722438404,,12.1481,0,CPM_DROP_PHY,12,9,699722438404,18155
veh9,34440,12.1507,,0,CAM,9,,34440,-1
veh9,699722438385,,12.1523,0,CPM_DROP_PHY,3,9,699722438385,18140
veh9,699722438438,,12.1693,0,CPM_DROP_PHY,4,9,699722438438,18197
veh9,699722438430,,12.1748,0,CPM_DROP_PHY,6,9,699722438430,18192
veh9,699722438466,,12.1966,0,CPM_DROP_PHY,8,9,699722438466,18230
veh9,699722438477,,12.2001,0,CPM_DROP_PHY,11,9,699722438477,18241
veh9,34479,,12.2023,0,CAM_DROP_PHY,10,9,34479,18219
veh9,34579,,12.2141,0,CAM_DROP_PHY,5,9,34579,18263
veh9,699722438559,,12.2223,0,CPM_DROP_PHY,10,9,699722438559,18266
veh9,699722438566,,12.2253,0,CPM_DROP_PHY,2,9,699722438566,18271
veh9,699722438589,,12.2341,0,CPM_DROP_PHY,5,9,699722438589,18290
veh9,34627,,12.2366,0,CAM_DROP_PHY,8,9,34627,18303
veh9,699722438613,,12.2423,0,CPM_DROP_PHY,7,9,699722438613,18316
veh9,34619,,12.2481,0,CAM_DROP_PHY,12,9,34619,18297
veh9,34664,12.2507,,0,CAM,9,,34664,-1
veh9,699722438610,,12.2523,0,CPM_DROP_PHY,3,9,699722438610,18313
veh9,34669,,12.2548,0,CAM_DROP_PHY,6,9,34669,18353
veh9,699722438629,,12.2681,0,CPM_DROP_PHY,12,9,699722438629,18297
veh9,699722438669,,12.2693,0,CPM_DROP_PHY,4,9,699722438669,18385
veh9,699722438660,,12.2748,0,CPM_DROP_PHY,6,9,699722438660,18374
veh9,34712,,12.2901,0,CAM_DROP_PHY,10,9,34712,18418
veh9,699722438707,,12.3001,0,CPM_DROP_PHY,11,9,699722438707,18439
veh9,34736,,12.3053,0,CAM_DROP_PHY,2,9,34736,18445
veh9,34741,,12.3201,0,CAM_DROP_PHY,11,9,34741,18439
veh9,699722438788,,12.3223,0,CPM_DROP_PHY,10,9,699722438788,18460
veh9,699722438795,,12.3253,0,CPM_DROP_PHY,2,9,699722438795,18466
veh9,34828,,12.3293,0,CAM_DROP_PHY,4,9,34828,18481
veh9,699722438821,,12.3341,0,CPM_DROP_PHY,5,9,699722438821,18489
veh9,699722438856,,12.3481,0,CPM_DROP_PHY,12,9,699722438856,18529
veh9,34893,12.3507,,0,CAM,9,,34893,-1
veh9,34859,,12.3523,0,CAM_DROP_PHY,3,9,34859,18506
veh9,699722438840,,12.3523,0,CPM_DROP_PHY,3,9,699722438840,18506
veh9,699722438893,,12.3693,0,CPM_DROP_PHY,4,9,699722438893,18572
veh9,699722438885,,12.3748,0,CPM_DROP_PHY,6,9,699722438885,18567
veh9,34935,,12.3901,0,CAM_DROP_PHY,10,9,34935,18595
veh9,699722438930,,12.4001,0,CPM_DROP_PHY,11,9,699722438930,18615
veh9,699722439005,,12.4101,0,CPM_DROP_PHY,10,9,699722439005,18632
veh9,699722439013,,12.4178,0,CPM_DROP_PHY,2,9,699722439013,18637
veh9,699722439036,,12.4341,0,CPM_DROP_PHY,5,9,699722439036,18658
veh9,699722438844,,12.4423,0,CPM_DROP_PHY,7,9,699722438844,18517
veh9,699722439054,,12.4423,0,CPM_DROP_PHY,7,9,699722439054,18673
veh9,35099,12.4507,,0,CAM,9,,35099,-1
veh9,699722439051,,12.4523,0,CPM_DROP_PHY,3,9,699722439051,18672
veh9,699722439066,,12.4566,0,CPM_DROP_PHY,12,9,699722439066,18682
veh9,699722439103,,12.4693,0,CPM_DROP_PHY,4,9,699722439103,18720
veh9,699722439093,,12.4748,0,CPM_DROP_PHY,6,9,699722439093,18715
veh9,35272,,12.4978,0,CAM_DROP_PHY,2,9,35272,18773
veh9,699722439243,,12.5001,0,CPM_DROP_PHY,11,9,699722439243,18766
veh9,35144,,12.5023,0,CAM_DROP_PHY,10,9,35144,18747
veh9,35341,,12.5141,0,CAM_DROP_PHY,5,9,35341,18787
veh9,699722439329,,12.5178,0,CPM_DROP_PHY,2,9,699722439329,18794
veh9,699722439322,,12.5223,0,CPM_DROP_PHY,10,9,699722439322,18789
veh9,699722439354,,12.5341,0,CPM_DROP_PHY,5,9,699722439354,18821
veh9,35385,,12.5366,0,CAM_DROP_PHY,12,9,35385,18826
veh9,699722439377,,12.5423,0,CPM_DROP_PHY,7,9,699722439377,18841
veh9,35428,12.5507,,0,CAM,9,,35428,-1
veh9,699722439374,,12.5523,0,CPM_DROP_PHY,3,9,699722439374,18840
veh9,35434,,12.5551,0,CAM_DROP_PHY,6,9,35434,18872
veh9,699722439393,,12.5566,0,CPM_DROP_PHY,12,9,699722439393,18853
veh9,699722439436,,12.5693,0,CPM_DROP_PHY,4,9,699722439436,18909
veh9,699722439426,,12.5751,0,CPM_DROP_PHY,6,9,699722439426,18895
veh9,699722439466,,12.5966,0,CPM_DROP_PHY,8,9,699722439466,18952
veh9,699722439475,,12.6001,0,CPM_DROP_PHY,11,9,699722439475,18959
veh9,699722439562,,12.6178,0,CPM_DROP_PHY,2,9,699722439562,18986
veh9,35594,,12.6268,0,CAM_DROP_PHY,4,9,35594,19000
veh9,699722439585,,12.6341,0,CPM_DROP_PHY,5,9,699722439585,19004
veh9,35624,,12.6398,0,CAM_DROP_PHY,3,9,35624,19018
veh9,699722439605,,12.6398,0,CPM_DROP_PHY,3,9,699722439605,19018
veh9,35660,12.6507,,0,CAM,9,,35660,-1
veh9,699722439624,,12.6566,0,CPM_DROP_PHY,12,9,699722439624,19043
veh9,699722439659,,12.6668,0,CPM_DROP_PHY,4,9,699722439659,19081
veh9,699722439650,,12.6751,0,CPM_DROP_PHY,6,9,699722439650,19074
veh9,35721,,12.6978,0,CAM_DROP_PHY,2,9,35721,19128
veh9,699722439692,,12.7053,0,CPM_DROP_PHY,11,9,699722439692,19122
veh9,699722439774,,12.7178,0,CPM_DROP_PHY,2,9,699722439774,19142
veh9,699722439556,,12.7256,0,CPM_DROP_PHY,10,9,699722439556,18985
veh9,699722439769,,12.7256,0,CPM_DROP_PHY,10,9,699722439769,19141
veh9,699722439798,,12.7348,0,CPM_DROP_PHY,5,9,699722439798,19162
veh9,699722439815,,12.7398,0,CPM_DROP_PHY,3,9,699722439815,19179
veh9,699722439608,,12.7423,0,CPM_DROP_PHY,7,9,699722439608,19024
veh9,699722439818,,12.7423,0,CPM_DROP_PHY,7,9,699722439818,19181
veh9,35866,12.7507,,0,CAM,9,,35866,-1
veh9,699722439831,,12.7566,0,CPM_DROP_PHY,12,9,699722439831,19198
veh9,699722439866,,12.7668,0,CPM_DROP_PHY,4,9,699722439866,19232
veh9,699722439857,,12.7751,0,CPM_DROP_PHY,6,9,699722439857,19226
veh9,35909,,12.7856,0,CAM_DROP_PHY,10,9,35909,19260
veh9,699722439904,,12.8053,0,CPM_DROP_PHY,11,9,699722439904,19277
veh9,35999,,12.8148,0,CAM_DROP_PHY,5,9,35999,19295
veh9,699722439986,,12.8178,0,CPM_DROP_PHY,2,9,699722439986,19297
veh9,699722440009,,12.8348,0,CPM_DROP_PHY,5,9,699722440009,19320
veh9,36043,,12.8366,0,CAM_DROP_PHY,8,9,36043,19328
veh9,699722440031,,12.8373,0,CPM_DROP_PHY,7,9,699722440031,19341
veh9,699722440027,,12.8398,0,CPM_DROP_PHY,3,9,699722440027,19339
veh9,699722439980,,12.8426,0,CPM_DROP_PHY,10,9,699722439980,19296
veh9,36085,12.8507,,0,CAM,9,,36085,-1
veh9,699722440049,,12.8566,0,CPM_DROP_PHY,12,9,699722440049,19366
veh9,36067,,12.8573,0,CAM_DROP_PHY,7,9,36067,19364
veh9,699722440090,,12.8668,0,CPM_DROP_PHY,4,9,699722440090,19414
veh9,36152,,12.8978,0,CAM_DROP_PHY,2,9,36152,19462
veh9,699722440123,,12.9053,0,CPM_DROP_PHY,11,9,699722440123,19457
veh9,699722440315,,12.9178,0,CPM_DROP_PHY,2,9,699722440315,19478
veh9,36158,,12.9253,0,CAM_DROP_PHY,11,9,36158,19457
veh9,699722440308,,12.9256,0,CPM_DROP_PHY,10,9,699722440308,19477
veh9,36349,,12.9268,0,CAM_DROP_PHY,4,9,36349,19496
veh9,699722440340,,12.9348,0,CPM_DROP_PHY,5,9,699722440340,19498
veh9,36373,,12.9366,0,CAM_DROP_PHY,12,9,36373,19510
veh9,699722440368,,12.9373,0,CPM_DROP_PHY,7,9,699722440368,19529
veh9,36384,,12.9398,0,CAM_DROP_PHY,3,9,36384,19519
veh9,699722440365,,12.9398,0,CPM_DROP_PHY,3,9,699722440365,19519
veh9,36418,12.9507,,0,CAM,9,,36418,-1
veh9,699722440382,,12.9566,0,CPM_DROP_PHY,12,9,699722440382,19552
veh9,699722440417,,12.9668,0,CPM_DROP_PHY,4,9,699722440417,19594
veh9,36460,,12.9856,0,CAM_DROP_PHY,10,9,36460,19620
veh9,699722440455,,13.0053,0,CPM_DROP_PHY,11,9,699722440455,19638
veh9,699722440538,,13.0178,0,CPM_DROP_PHY,2,9,699722440538,19656
veh9,699722440532,,13.0256,0,CPM_DROP_PHY,10,9,699722440532,19655
veh9,699722440559,,13.0348,0,CPM_DROP_PHY,5,9,699722440559,19672
veh9,699722440579,,13.0373,0,CPM_DROP_PHY,7,9,699722440579,19692
veh9,699722440576,,13.0398,0,CPM_DROP_PHY,3,9,699722440576,19690
veh9,36627,13.0507,,0,CAM,9,,36627,-1
veh9,699722440592,,13.0583,0,CPM_DROP_PHY,12,9,699722440592,19708
veh9,699722440627,,13.0668,0,CPM_DROP_PHY,4,9,699722440627,19748
veh9,36689,,13.0978,0,CAM_DROP_PHY,2,9,36689,19789
veh9,699722440651,,13.1041,0,CPM_DROP_PHY,8,9,699722440651,19782
veh9,699722440660,,13.1053,0,CPM_DROP_PHY,11,9,699722440660,19786
veh9,36761,,13.1148,0,CAM_DROP_PHY,5,9,36761,19806
veh9,699722440748,,13.1178,0,CPM_DROP_PHY,2,9,699722440748,19808
veh9,699722440741,,13.1256,0,CPM_DROP_PHY,10,9,699722440741,19807
veh9,699722440770,,13.1348,0,CPM_DROP_PHY,5,9,699722440770,19838
veh9,699722440787,,13.1373,0,CPM_DROP_PHY,7,9,699722440787,19859
veh9,699722440784,,13.1398,0,CPM_DROP_PHY,3,9,699722440784,19857
veh9,36838,13.1507,,0,CAM,9,,36838,-1
veh9,36823,,13.1573,0,CAM_DROP_PHY,7,9,36823,19874
veh9,699722440803,,13.1583,0,CPM_DROP_PHY,12,9,699722440803,19876
veh9,699722440843,,13.1668,0,CPM_DROP_PHY,4,9,699722440843,19928
veh9,699722440873,,13.2053,0,CPM_DROP_PHY,11,9,699722440873,19968
veh9,699722440949,,13.2178,0,CPM_DROP_PHY,2,9,699722440949,19982
veh9,699722440943,,13.2256,0,CPM_DROP_PHY,10,9,699722440943,19981
veh9,36982,,13.2268,0,CAM_DROP_PHY,4,9,36982,19997
veh9,699722440972,,13.2348,0,CPM_DROP_PHY,5,9,699722440972,19999
veh9,699722440993,,13.2373,0,CPM_DROP_PHY,7,9,699722440993,20022
veh9,37009,,13.2398,0,CAM_DROP_PHY,3,9,37009,20013
veh9,699722440990,,13.2398,0,CPM_DROP_PHY,3,9,699722440990,20013
veh9,37040,13.2507,,0,CAM,9,,37040,-1
veh9,699722441006,,13.2583,0,CPM_DROP_PHY,12,9,699722441006,20043
veh9,699722441037,,13.2668,0,CPM_DROP_PHY,4,9,699722441037,20083
veh9,37078,,13.2856,0,CAM_DROP_PHY,10,9,37078,20106
veh9,37099,,13.2978,0,CAM_DROP_PHY,2,9,37099,20128
veh9,699722441071,,13.3053,0,CPM_DROP_PHY,11,9,699722441071,20125
veh9,699722441150,,13.3178,0,CPM_DROP_PHY,2,9,699722441150,20148
veh9,699722441170,,13.3348,0,CPM_DROP_PHY,5,9,699722441170,20166
veh9,699722441188,,13.3373,0,CPM_DROP_PHY,7,9,699722441188,20186
veh9,699722441186,,13.3398,0,CPM_DROP_PHY,3,9,699722441186,20184
veh9,699722441143,,13.3426,0,CPM_DROP_PHY,10,9,699722441143,20147
veh9,37334,13.3507,,0,CAM,9,,37334,-1
veh9,699722441200,,13.3583,0,CPM_DROP_PHY,12,9,699722441200,20202
veh9,699722441331,,13.3668,0,CPM_DROP_PHY,4,9,699722441331,20242
veh9,37389,,13.3978,0,CAM_DROP_PHY,2,9,37389,20282
veh9,699722441361,,13.4053,0,CPM_DROP_PHY,11,9,699722441361,20280
veh9,37453,,13.4148,0,CAM_DROP_PHY,5,9,37453,20297
veh9,699722441438,,13.4178,0,CPM_DROP_PHY,2,9,699722441438,20300
veh9,699722441433,,13.4256,0,CPM_DROP_PHY,10,9,699722441433,20299
veh9,699722441459,,13.4348,0,CPM_DROP_PHY,5,9,699722441459,20324
veh9,699722441482,,13.4373,0,CPM_DROP_PHY,7,9,699722441482,20347
veh9,37490,,13.4383,0,CAM_DROP_PHY,12,9,37490,20334
veh9,699722441479,,13.4398,0,CPM_DROP_PHY,3,9,699722441479,20345
veh9,37496,,13.4441,0,CAM_DROP_PHY,8,9,37496,20335
veh9,37533,13.4507,,0,CAM,9,,37533,-1
veh9,37517,,13.4573,0,CAM_DROP_PHY,7,9,37517,20366
veh9,699722441498,,13.4583,0,CPM_DROP_PHY,12,9,699722441498,20368
veh9,699722441323,,13.4678,0,CPM_DROP_PHY,6,9,699722441323,20233
veh9,37540,,13.4678,0,CAM_DROP_PHY,6,9,37540,20393
veh9,699722441529,,13.4678,0,CPM_DROP_PHY,6,9,699722441529,20393
veh9,699722441536,,13.4823,0,CPM_DROP_PHY,4,9,699722441536,20424
veh9,37594,,13.4983,0,CAM_DROP_PHY,2,9,37594,20466
veh9,699722441566,,13.5053,0,CPM_DROP_PHY,11,9,699722441566,20464
veh9,699722441647,,13.5183,0,CPM_DROP_PHY,2,9,699722441647,20484
veh9,37680,,13.5223,0,CAM_DROP_PHY,4,9,37680,20500
veh9,37600,,13.5253,0,CAM_DROP_PHY,11,9,37600,20464
veh9,699722441641,,13.5256,0,CPM_DROP_PHY,10,9,699722441641,20483
veh9,699722441671,,13.5348,0,CPM_DROP_PHY,5,9,699722441671,20507
veh9,699722441693,,13.5373,0,CPM_DROP_PHY,7,9,699722441693,20539
veh9,37709,,13.5398,0,CAM_DROP_PHY,3,9,37709,20527
veh9,699722441690,,13.5398,0,CPM_DROP_PHY,3,9,699722441690,20527
veh9,37738,13.5507,,0,CAM,9,,37738,-1
veh9,699722441704,,13.5583,0,CPM_DROP_PHY,12,9,699722441704,20555
veh9,699722441728,,13.5678,0,CPM_DROP_PHY,6,9,699722441728,20585
veh9,699722441734,,13.5823,0,CPM_DROP_PHY,4,9,699722441734,20594
veh9,699722441754,,13.6041,0,CPM_DROP_PHY,8,9,699722441754,20617
veh9,699722441764,,13.6053,0,CPM_DROP_PHY,11,9,699722441764,20625
veh9,699722441835,,13.6183,0,CPM_DROP_PHY,2,9,699722441835,20641
veh9,699722441829,,13.6256,0,CPM_DROP_PHY,10,9,699722441829,20640
veh9,699722441855,,13.6348,0,CPM_DROP_PHY,5,9,699722441855,20663
veh9,699722441872,,13.6373,0,CPM_DROP_PHY,7,9,699722441872,20682
veh9,699722441870,,13.6398,0,CPM_DROP_PHY,3,9,699722441870,20680
veh9,37920,13.6507,,0,CAM,9,,37920,-1
veh9,699722441886,,13.6583,0,CPM_DROP_PHY,12,9,699722441886,20698
veh9,699722441910,,13.6678,0,CPM_DROP_PHY,6,9,699722441910,20728
veh9,699722441916,,13.6823,0,CPM_DROP_PHY,4,9,699722441916,20737
veh9,37971,,13.6983,0,CAM_DROP_PHY,2,9,37971,20769
veh9,699722441943,,13.7053,0,CPM_DROP_PHY,11,9,699722441943,20767
veh9,38035,,13.7148,0,CAM_DROP_PHY,5,9,38035,20784
veh9,699722442021,,13.7183,0,CPM_DROP_PHY,2,9,699722442021,20787
veh9,699722442015,,13.7256,0,CPM_DROP_PHY,10,9,699722442015,20786
veh9,699722442043,,13.7348,0,CPM_DROP_PHY,5,9,699722442043,20813
veh9,699722442057,,13.7371,0,CPM_DROP_PHY,3,9,699722442057,20831
veh9,699722442060,,13.7373,0,CPM_DROP_PHY,7,9,699722442060,20833
veh9,38109,13.7507,,0,CAM,9,,38109,-1
veh9,38095,,13.7573,0,CAM_DROP_PHY,7,9,38095,20852
veh9,699722442075,,13.7583,0,CPM_DROP_PHY,12,9,699722442075,20854
veh9,38114,,13.7678,0,CAM_DROP_PHY,6,9,38114,20869
veh9,699722442101,,13.7678,0,CPM_DROP_PHY,6,9,699722442101,20869
veh9,699722442109,,13.7823,0,CPM_DROP_PHY,4,9,699722442109,20895
veh9,699722442142,,13.8013,0,CPM_DROP_PHY,11,9,699722442142,20939
veh9,38149,,13.8026,0,CAM_DROP_PHY,10,9,38149,20915
veh9,699722442315,,13.8183,0,CPM_DROP_PHY,2,9,699722442315,20958
veh9,38347,,13.8223,0,CAM_DROP_PHY,4,9,38347,20971
veh9,699722442208,,13.8256,0,CPM_DROP_PHY,10,9,699722442208,20957
veh9,699722442338,,13.8348,0,CPM_DROP_PHY,5,9,699722442338,20978
veh9,38376,,13.8371,0,CAM_DROP_PHY,3,9,38376,20992
veh9,699722442357,,13.8371,0,CPM_DROP_PHY,3,9,699722442357,20992
veh9,38403,13.8507,,0,CAM,9,,38403,-1
veh9,699722442360,,13.8538,0,CPM_DROP_PHY,7,9,699722442360,21003
veh9,699722442371,,13.8583,0,CPM_DROP_PHY,12,9,699722442371,21019
veh9,699722442392,,13.8678,0,CPM_DROP_PHY,6,9,699722442392,21046
veh9,699722442398,,13.8823,0,CPM_DROP_PHY,4,9,699722442398,21054
veh9,38452,,13.8983,0,CAM_DROP_PHY,2,9,38452,21091
veh9,699722442424,,13.9013,0,CPM_DROP_PHY,11,9,699722442424,21088
veh9,699722442498,,13.9183,0,CPM_DROP_PHY,2,9,699722442498,21109
veh9,38457,,13.9213,0,CAM_DROP_PHY,11,9,38457,21088
veh9,699722442492,,13.9256,0,CPM_DROP_PHY,10,9,699722442492,21108
veh9,699722442518,,13.9278,0,CPM_DROP_PHY,5,9,699722442518,21130
veh9,699722442535,,13.9371,0,CPM_DROP_PHY,3,9,699722442535,21152
veh9,38548,,13.9383,0,CAM_DROP_PHY,12,9,38548,21140
veh9,38582,13.9507,,0,CAM,9,,38582,-1
veh9,699722442538,,13.9538,0,CPM_DROP_PHY,7,9,699722442538,21153
veh9,699722442549,,13.9583,0,CPM_DROP_PHY,12,9,699722442549,21172
veh9,699722442573,,13.9678,0,CPM_DROP_PHY,6,9,699722442573,21205
veh9,699722442578,,13.9823,0,CPM_DROP_PHY,4,9,699722442578,21213
veh9,699722442605,,14.0013,0,CPM_DROP_PHY,11,9,699722442605,21247
veh9,38694,,14.0078,0,CAM_DROP_PHY,5,9,38694,21259
veh9,699722442681,,14.0183,0,CPM_DROP_PHY,2,9,699722442681,21267
veh9,38634,,14.0213,0,CAM_DROP_PHY,11,9,38634,21247
veh9,699722442701,,14.0278,0,CPM_DROP_PHY,5,9,699722442701,21286
veh9,699722442716,,14.0371,0,CPM_DROP_PHY,3,9,699722442716,21313
veh9,38766,14.0507,,0,CAM,9,,38766,-1
veh9,699722442719,,14.0538,0,CPM_DROP_PHY,7,9,699722442719,21314
veh9,38752,,14.0538,0,CAM_DROP_PHY,7,9,38752,21314
veh9,699722442732,,14.0583,0,CPM_DROP_PHY,12,9,699722442732,21329
veh9,38770,,14.0678,0,CAM_DROP_PHY,6,9,38770,21341
veh9,699722442757,,14.0678,0,CPM_DROP_PHY,6,9,699722442757,21341
veh9,699722442763,,14.0706,0,CPM_DROP_PHY,4,9,699722442763,21360
veh9,38821,,14.0983,0,CAM_DROP_PHY,2,9,38821,21405
veh9,699722442792,,14.1013,0,CPM_DROP_PHY,11,9,699722442792,21402
veh9,699722442785,,14.1041,0,CPM_DROP_PHY,8,9,699722442785,21396
veh9,699722442872,,14.1183,0,CPM_DROP_PHY,2,9,699722442872,21426
veh9,38825,,14.1213,0,CAM_DROP_PHY,11,9,38825,21402
veh9,699722442897,,14.1278,0,CPM_DROP_PHY,5,9,699722442897,21451
veh9,38906,,14.1306,0,CAM_DROP_PHY,4,9,38906,21444
veh9,38936,,14.1371,0,CAM_DROP_PHY,3,9,38936,21472
veh9,699722442917,,14.1371,0,CPM_DROP_PHY,3,9,699722442917,21472
veh9,38963,14.1507,,0,CAM,9,,38963,-1
veh9,699722442919,,14.1538,0,CPM_DROP_PHY,7,9,699722442919,21483
veh9,699722442930,,14.1566,0,CPM_DROP_PHY,12,9,699722442930,21498
veh9,699722442960,,14.1706,0,CPM_DROP_PHY,4,9,699722442960,21529
veh9,699722442955,,14.1738,0,CPM_DROP_PHY,6,9,699722442955,21523
veh9,699722442988,,14.2013,0,CPM_DROP_PHY,11,9,699722442988,21568
veh9,699722443065,,14.2183,0,CPM_DROP_PHY,2,9,699722443065,21585
veh9,39017,,14.2213,0,CAM_DROP_PHY,11,9,39017,21568
veh9,699722443084,,14.2278,0,CPM_DROP_PHY,5,9,699722443084,21602
veh9,699722443102,,14.2371,0,CPM_DROP_PHY,3,9,699722443102,21627
veh9,39119,,14.2441,0,CAM_DROP_PHY,8,9,39119,21617
veh9,39149,14.2507,,0,CAM,9,,39149,-1
veh9,699722443104,,14.2538,0,CPM_DROP_PHY,7,9,699722443104,21628
veh9,699722443115,,14.2566,0,CPM_DROP_PHY,12,9,699722443115,21642
veh9,699722443146,,14.2706,0,CPM_DROP_PHY,4,9,699722443146,21681
veh9,699722443139,,14.2738,0,CPM_DROP_PHY,6,9,699722443139,21674
veh9,39202,,14.2983,0,CAM_DROP_PHY,2,9,39202,21725
veh9,699722443174,,14.3013,0,CPM_DROP_PHY,11,9,699722443174,21720
veh9,39367,,14.3078,0,CAM_DROP_PHY,5,9,39367,21737
veh9,699722443353,,14.3183,0,CPM_DROP_PHY,2,9,699722443353,21745
veh9,39206,,14.3213,0,CAM_DROP_PHY,11,9,39206,21720
veh9,699722443372,,14.3278,0,CPM_DROP_PHY,5,9,699722443372,21767
veh9,699722443059,,14.3306,0,CPM_DROP_PHY,10,9,699722443059,21582
veh9,699722443387,,14.3371,0,CPM_DROP_PHY,3,9,699722443387,21794
veh9,39436,14.3507,,0,CAM,9,,39436,-1
veh9,39440,,14.3538,0,CAM_DROP_PHY,6,9,39440,21821
veh9,699722443390,,14.3538,0,CPM_DROP_PHY,7,9,699722443390,21795
veh9,39423,,14.3538,0,CAM_DROP_PHY,7,9,39423,21795
veh9,699722443403,,14.3566,0,CPM_DROP_PHY,12,9,699722443403,21810
veh9,699722443435,,14.3706,0,CPM_DROP_PHY,4,9,699722443435,21849
veh9,699722443429,,14.3738,0,CPM_DROP_PHY,6,9,699722443429,21843
veh9,699722443467,,14.4016,0,CPM_DROP_PHY,11,9,699722443467,21895
veh9,699722443541,,14.4183,0,CPM_DROP_PHY,2,9,699722443541,21917
veh9,39496,,14.4216,0,CAM_DROP_PHY,11,9,39496,21895
veh9,699722443563,,14.4278,0,CPM_DROP_PHY,5,9,699722443563,21933
veh9,39573,,14.4306,0,CAM_DROP_PHY,4,9,39573,21925
veh9,39601,,14.4371,0,CAM_DROP_PHY,3,9,39601,21955
veh9,699722443582,,14.4371,0,CPM_DROP_PHY,3,9,699722443582,21955
veh9,39628,14.4507,,0,CAM,9,,39628,-1
veh9,699722443584,,14.4538,0,CPM_DROP_PHY,7,9,699722443584,21964
veh9,699722443595,,14.4566,0,CPM_DROP_PHY,12,9,699722443595,21979
veh9,699722443622,,14.4706,0,CPM_DROP_PHY,4,9,699722443622,22009
veh9,699722443617,,14.4738,0,CPM_DROP_PHY,6,9,699722443617,22003
veh9,39475,,14.4906,0,CAM_DROP_PHY,10,9,39475,21877
veh9,39678,,14.4983,0,CAM_DROP_PHY,2,9,39678,22053
veh9,699722443650,,14.5016,0,CPM_DROP_PHY,11,9,699722443650,22048
veh9,699722443726,,14.5183,0,CPM_DROP_PHY,2,9,699722443726,22073
veh9,699722443744,,14.5278,0,CPM_DROP_PHY,5,9,699722443744,22088
veh9,39774,,14.5366,0,CAM_DROP_PHY,12,9,39774,22097
veh9,699722443761,,14.5371,0,CPM_DROP_PHY,3,9,699722443761,22108
veh9,39809,14.5507,,0,CAM,9,,39809,-1
veh9,699722443763,,14.5538,0,CPM_DROP_PHY,7,9,699722443763,22109
veh9,699722443775,,14.5566,0,CPM_DROP_PHY,12,9,699722443775,22127
veh9,699722443803,,14.5706,0,CPM_DROP_PHY,4,9,699722443803,22160
veh9,699722443798,,14.5738,0,CPM_DROP_PHY,6,9,699722443798,22154
veh9,699722443834,,14.6016,0,CPM_DROP_PHY,11,9,699722443834,22200
veh9,699722443827,,14.6026,0,CPM_DROP_PHY,8,9,699722443827,22195
veh9,39925,,14.6078,0,CAM_DROP_PHY,5,9,39925,22219
veh9,39864,,14.6216,0,CAM_DROP_PHY,11,9,39864,22200
veh9,699722443911,,14.6226,0,CPM_DROP_PHY,2,9,699722443911,22228
veh9,699722443930,,14.6278,0,CPM_DROP_PHY,5,9,699722443930,22246
veh9,699722443721,,14.6306,0,CPM_DROP_PHY,10,9,699722443721,22070
veh9,699722443946,,14.6371,0,CPM_DROP_PHY,3,9,699722443946,22273
veh9,39995,14.6507,,0,CAM,9,,39995,-1
veh9,39999,,14.6538,0,CAM_DROP_PHY,6,9,39999,22300
veh9,699722443948,,14.6538,0,CPM_DROP_PHY,7,9,699722443948,22275
veh9,39982,,14.6538,0,CAM_DROP_PHY,7,9,39982,22275
veh9,699722443962,,14.6566,0,CPM_DROP_PHY,12,9,699722443962,22290
veh9,699722443991,,14.6738,0,CPM_DROP_PHY,6,9,699722443991,22321
veh9,699722444024,,14.7016,0,CPM_DROP_PHY,11,9,699722444024,22367
veh9,40051,,14.7026,0,CAM_DROP_PHY,2,9,40051,22372
veh9,699722444096,,14.7226,0,CPM_DROP_PHY,2,9,699722444096,22391
veh9,699722444118,,14.7278,0,CPM_DROP_PHY,5,9,699722444118,22406
veh9,40160,,14.7371,0,CAM_DROP_PHY,3,9,40160,22430
veh9,699722444140,,14.7371,0,CPM_DROP_PHY,3,9,699722444140,22430
veh9,40154,,14.7426,0,CAM_DROP_PHY,8,9,40154,22420
veh9,40188,14.7507,,0,CAM,9,,40188,-1
veh9,699722444143,,14.7538,0,CPM_DROP_PHY,7,9,699722444143,22434
veh9,699722444154,,14.7566,0,CPM_DROP_PHY,12,9,699722444154,22454
veh9,699722444178,,14.7738,0,CPM_DROP_PHY,6,9,699722444178,22481
veh9,699722444213,,14.8016,0,CPM_DROP_PHY,11,9,699722444213,22528
veh9,40240,,14.8026,0,CAM_DROP_PHY,2,9,40240,22533
veh9,40245,,14.8216,0,CAM_DROP_PHY,11,9,40245,22528
veh9,699722444390,,14.8226,0,CPM_DROP_PHY,2,9,699722444390,22553
veh9,699722444410,,14.8286,0,CPM_DROP_PHY,5,9,699722444410,22570
veh9,40127,,14.8296,0,CAM_DROP_PHY,4,9,40127,22400
veh9,699722444187,,14.8296,0,CPM_DROP_PHY,4,9,699722444187,22492
veh9,699722444426,,14.8371,0,CPM_DROP_PHY,3,9,699722444426,22594
veh9,40473,14.8507,,0,CAM,9,,40473,-1
veh9,699722444429,,14.8538,0,CPM_DROP_PHY,7,9,699722444429,22596
veh9,699722444440,,14.8566,0,CPM_DROP_PHY,12,9,699722444440,22614
veh9,699722444470,,14.8696,0,CPM_DROP_PHY,4,9,699722444470,22643
veh9,699722444462,,14.8738,0,CPM_DROP_PHY,6,9,699722444462,22633
veh9,699722444496,,14.9016,0,CPM_DROP_PHY,11,9,699722444496,22679
veh9,40525,,14.9026,0,CAM_DROP_PHY,2,9,40525,22684
veh9,40585,,14.9086,0,CAM_DROP_PHY,5,9,40585,22699
veh9,699722444572,,14.9226,0,CPM_DROP_PHY,2,9,699722444572,22707
veh9,699722444592,,14.9286,0,CPM_DROP_PHY,5,9,699722444592,22725
veh9,699722444606,,14.9371,0,CPM_DROP_PHY,3,9,699722444606,22746
veh9,40655,14.9507,,0,CAM,9,,40655,-1
veh9,40659,,14.9538,0,CAM_DROP_PHY,6,9,40659,22773
veh9,699722444609,,14.9538,0,CPM_DROP_PHY,7,9,699722444609,22748
veh9,40643,,14.9538,0,CAM_DROP_PHY,7,9,40643,22748
veh9,699722444623,,14.9566,0,CPM_DROP_PHY,12,9,699722444623,22766
veh9,699722444654,,14.9696,0,CPM_DROP_PHY,4,9,699722444654,22803
veh9,699722444648,,14.9738,0,CPM_DROP_PHY,6,9,699722444648,22793
veh9,699722444685,,15.0088,0,CPM_DROP_PHY,11,9,699722444685,22845
veh9,699722444757,,15.0226,0,CPM_DROP_PHY,2,9,699722444757,22864
veh9,699722444567,,15.0233,0,CPM_DROP_PHY,10,9,699722444567,22704
veh9,40695,,15.0233,0,CAM_DROP_PHY,10,9,40695,22833
veh9,699722444779,,15.0286,0,CPM_DROP_PHY,5,9,699722444779,22878
veh9,40716,,15.0288,0,CAM_DROP_PHY,11,9,40716,22845
veh9,40788,,15.0296,0,CAM_DROP_PHY,4,9,40788,22873
veh9,40818,,15.0371,0,CAM_DROP_PHY,3,9,40818,22908
veh9,699722444798,,15.0371,0,CPM_DROP_PHY,3,9,699722444798,22908
veh9,40846,15.0507,,0,CAM,9,,40846,-1
veh9,699722444801,,15.0538,0,CPM_DROP_PHY,7,9,699722444801,22911
veh9,699722444814,,15.0566,0,CPM_DROP_PHY,12,9,699722444814,22933
veh9,699722444841,,15.0696,0,CPM_DROP_PHY,4,9,699722444841,22962
veh9,699722444834,,15.0738,0,CPM_DROP_PHY,6,9,699722444834,22953
veh9,699722444862,,15.0871,0,CPM_DROP_PHY,8,9,699722444862,22996
veh9,40900,,15.1026,0,CAM_DROP_PHY,2,9,40900,23013
veh9,699722444872,,15.1088,0,CPM_DROP_PHY,11,9,699722444872,23006
veh9,699722444942,,15.1226,0,CPM_DROP_PHY,2,9,699722444942,23027
veh9,699722444962,,15.1286,0,CPM_DROP_PHY,5,9,699722444962,23044
veh9,40991,,15.1333,0,CAM_DROP_PHY,12,9,40991,23052
veh9,699722444980,,15.1371,0,CPM_DROP_PHY,3,9,699722444980,23070
veh9,41028,15.1507,,0,CAM,9,,41028,-1
veh9,699722444995,,15.1533,0,CPM_DROP_PHY,12,9,699722444995,23089
veh9,699722444983,,15.1538,0,CPM_DROP_PHY,7,9,699722444983,23072
veh9,699722445020,,15.1738,0,CPM_DROP_PHY,6,9,699722445020,23112
veh9,699722445027,,15.1836,0,CPM_DROP_PHY,4,9,699722445027,23122
veh9,41136,,15.2086,0,CAM_DROP_PHY,5,9,41136,23169
veh9,699722445054,,15.2088,0,CPM_DROP_PHY,11,9,699722445054,23161
veh9,699722445124,,15.2226,0,CPM_DROP_PHY,2,9,699722445124,23177
veh9,699722445143,,15.2286,0,CPM_DROP_PHY,5,9,699722445143,23195
veh9,41206,15.2507,,0,CAM,9,,41206,-1
veh9,699722445158,,15.2523,0,CPM_DROP_PHY,3,9,699722445158,23219
veh9,699722445173,,15.2533,0,CPM_DROP_PHY,12,9,699722445173,23230
veh9,41210,,15.2538,0,CAM_DROP_PHY,6,9,41210,23240
veh9,699722445160,,15.2538,0,CPM_DROP_PHY,7,9,699722445160,23221
veh9,41193,,15.2538,0,CAM_DROP_PHY,7,9,41193,23221
veh9,699722445201,,15.2738,0,CPM_DROP_PHY,6,9,699722445201,23264
veh9,699722445209,,15.2836,0,CPM_DROP_PHY,4,9,699722445209,23275
veh9,41266,,15.3026,0,CAM_DROP_PHY,2,9,41266,23324
veh9,699722445238,,15.3088,0,CPM_DROP_PHY,11,9,699722445238,23320
veh9,699722445402,,15.3226,0,CPM_DROP_PHY,2,9,699722445402,23338
veh9,699722445117,,15.3233,0,CPM_DROP_PHY,10,9,699722445117,23173
veh9,699722445396,,15.3233,0,CPM_DROP_PHY,10,9,699722445396,23334
veh9,41434,,15.3236,0,CAM_DROP_PHY,4,9,41434,23351
veh9,699722445424,,15.3286,0,CPM_DROP_PHY,5,9,699722445424,23357
veh9,699722445450,,15.3438,0,CPM_DROP_PHY,7,9,699722445450,23390
veh9,41461,,15.3471,0,CAM_DROP_PHY,8,9,41461,23378
veh9,41494,15.3507,,0,CAM,9,,41494,-1
veh9,41467,,15.3523,0,CAM_DROP_PHY,3,9,41467,23387
veh9,699722445447,,15.3523,0,CPM_DROP_PHY,3,9,699722445447,23387
veh9,699722445459,,15.3533,0,CPM_DROP_PHY,12,9,699722445459,23402
veh9,699722445484,,15.3738,0,CPM_DROP_PHY,6,9,699722445484,23435
veh9,699722445490,,15.3836,0,CPM_DROP_PHY,4,9,699722445490,23445
veh9,699722445516,,15.4088,0,CPM_DROP_PHY,11,9,699722445516,23481
veh9,699722445578,,15.4226,0,CPM_DROP_PHY,2,9,699722445578,23494
veh9,699722445571,,15.4233,0,CPM_DROP_PHY,10,9,699722445571,23490
veh9,699722445596,,15.4286,0,CPM_DROP_PHY,5,9,699722445596,23508
veh9,699722445613,,15.4438,0,CPM_DROP_PHY,7,9,699722445613,23532
veh9,41657,15.4507,,0,CAM,9,,41657,-1
veh9,699722445610,,15.4523,0,CPM_DROP_PHY,3,9,699722445610,23530
veh9,699722445624,,15.4533,0,CPM_DROP_PHY,12,9,699722445624,23544
veh9,699722445647,,15.4738,0,CPM_DROP_PHY,6,9,699722445647,23570
veh9,699722445654,,15.4836,0,CPM_DROP_PHY,4,9,699722445654,23580
veh9,41708,,15.5026,0,CAM_DROP_PHY,2,9,41708,23618
veh9,41761,,15.5086,0,CAM_DROP_PHY,5,9,41761,23629
veh9,699722445680,,15.5088,0,CPM_DROP_PHY,11,9,699722445680,23616
veh9,699722445749,,15.5226,0,CPM_DROP_PHY,2,9,699722445749,23637
veh9,699722445743,,15.5233,0,CPM_DROP_PHY,10,9,699722445743,23633
veh9,699722445767,,15.5286,0,CPM_DROP_PHY,5,9,699722445767,23660
veh9,699722445784,,15.5438,0,CPM_DROP_PHY,7,9,699722445784,23683
veh9,41829,15.5507,,0,CAM,9,,41829,-1
veh9,699722445781,,15.5523,0,CPM_DROP_PHY,3,9,699722445781,23681
veh9,699722445796,,15.5533,0,CPM_DROP_PHY,12,9,699722445796,23697
veh9,41816,,15.5573,0,CAM_DROP_PHY,7,9,41816,23695
veh9,41834,,15.5618,0,CAM_DROP_PHY,6,9,41834,23711
veh9,699722445822,,15.5618,0,CPM_DROP_PHY,6,9,699722445822,23711
veh9,41868,,15.5833,0,CAM_DROP_PHY,10,9,41868,23760
veh9,699722445830,,15.5836,0,CPM_DROP_PHY,4,9,699722445830,23742
veh9,699722445860,,15.6088,0,CPM_DROP_PHY,11,9,699722445860,23784
veh9,699722445924,,15.6228,0,CPM_DROP_PHY,2,9,699722445924,23799
veh9,699722445917,,15.6233,0,CPM_DROP_PHY,10,9,699722445917,23795
veh9,41954,,15.6236,0,CAM_DROP_PHY,4,9,41954,23807
veh9,699722445941,,15.6286,0,CPM_DROP_PHY,5,9,699722445941,23814
veh9,41890,,15.6288,0,CAM_DROP_PHY,11,9,41890,23784
veh9,699722445964,,15.6438,0,CPM_DROP_PHY,7,9,699722445964,23849
veh9,42007,15.6507,,0,CAM,9,,42007,-1
veh9,41981,,15.6523,0,CAM_DROP_PHY,3,9,41981,23846
veh9,699722445961,,15.6523,0,CPM_DROP_PHY,3,9,699722445961,23846
veh9,699722445974,,15.6533,0,CPM_DROP_PHY,12,9,699722445974,23865
veh9,699722446000,,15.6618,0,CPM_DROP_PHY,6,9,699722446000,23892
veh9,699722446009,,15.6736,0,CPM_DROP_PHY,4,9,699722446009,23905
veh9,699722446029,,15.6953,0,CPM_DROP_PHY,8,9,699722446029,23931
veh9,699722446036,,15.7023,0,CPM_DROP_PHY,11,9,699722446036,23939
veh9,42066,,15.7028,0,CAM_DROP_PHY,2,9,42066,23945
veh9,699722446102,,15.7228,0,CPM_DROP_PHY,2,9,699722446102,23962
veh9,699722446096,,15.7233,0,CPM_DROP_PHY,10,9,699722446096,23961
veh9,699722446117,,15.7286,0,CPM_DROP_PHY,5,9,699722446117,23983
veh9,42148,,15.7333,0,CAM_DROP_PHY,12,9,42148,23989
veh9,699722446140,,15.7438,0,CPM_DROP_PHY,7,9,699722446140,24008
veh9,699722446138,,15.7486,0,CPM_DROP_PHY,3,9,699722446138,24007
veh9,42185,15.7507,,0,CAM,9,,42185,-1
veh9,699722446150,,15.7533,0,CPM_DROP_PHY,12,9,699722446150,24024
veh9,699722446172,,15.7618,0,CPM_DROP_PHY,6,9,699722446172,24053
veh9,699722446180,,15.7736,0,CPM_DROP_PHY,4,9,699722446180,24064
veh9,699722446205,,15.8023,0,CPM_DROP_PHY,11,9,699722446205,24097
veh9,42232,,15.8028,0,CAM_DROP_PHY,2,9,42232,24099
veh9,42285,,15.8086,0,CAM_DROP_PHY,5,9,42285,24112
veh9,699722446271,,15.8228,0,CPM_DROP_PHY,2,9,699722446271,24118
veh9,699722446288,,15.8286,0,CPM_DROP_PHY,5,9,699722446288,24142
veh9,42317,,15.8333,0,CAM_DROP_PHY,12,9,42317,24147
veh9,699722446409,,15.8438,0,CPM_DROP_PHY,7,9,699722446409,24165
veh9,699722446406,,15.8486,0,CPM_DROP_PHY,3,9,699722446406,24164
veh9,42456,15.8507,,0,CAM,9,,42456,-1
veh9,699722446421,,15.8533,0,CPM_DROP_PHY,12,9,699722446421,24184
veh9,42441,,15.8573,0,CAM_DROP_PHY,7,9,42441,24181
veh9,42459,,15.8618,0,CAM_DROP_PHY,6,9,42459,24202
veh9,699722446446,,15.8618,0,CPM_DROP_PHY,6,9,699722446446,24202
veh9,699722446455,,15.8736,0,CPM_DROP_PHY,4,9,699722446455,24231
veh9,699722446483,,15.9023,0,CPM_DROP_PHY,11,9,699722446483,24272
veh9,42510,,15.9028,0,CAM_DROP_PHY,2,9,42510,24275
veh9,699722446544,,15.9228,0,CPM_DROP_PHY,2,9,699722446544,24291
veh9,699722446562,,15.9253,0,CPM_DROP_PHY,5,9,699722446562,24311
veh9,42592,,15.9333,0,CAM_DROP_PHY,12,9,42592,24320
veh9,42575,,15.9336,0,CAM_DROP_PHY,4,9,42575,24303
veh9,699722446587,,15.9373,0,CPM_DROP_PHY,7,9,699722446587,24340
veh9,42604,,15.9486,0,CAM_DROP_PHY,3,9,42604,24335
veh9,699722446584,,15.9486,0,CPM_DROP_PHY,3,9,699722446584,24335
veh9,42633,15.9507,,0,CAM,9,,42633,-1
veh9,699722446597,,15.9533,0,CPM_DROP_PHY,12,9,699722446597,24356
veh9,699722446619,,15.9618,0,CPM_DROP_PHY,6,9,699722446619,24389
veh9,699722446627,,15.9736,0,CPM_DROP_PHY,4,9,699722446627,24400
veh9,699722446653,,16.0023,0,CPM_DROP_PHY,11,9,699722446653,24433
veh9,42681,,16.0028,0,CAM_DROP_PHY,2,9,42681,24435
veh9,699722446714,,16.0228,0,CPM_DROP_PHY,2,9,699722446714,24452
veh9,699722446730,,16.0253,0,CPM_DROP_PHY,5,9,699722446730,24470
veh9,699722446539,,16.0281,0,CPM_DROP_PHY,10,9,699722446539,24290
veh9,699722446709,,16.0281,0,CPM_DROP_PHY,10,9,699722446709,24450
veh9,42760,,16.0301,0,CAM_DROP_PHY,12,9,42760,24479
veh9,699722446752,,16.0373,0,CPM_DROP_PHY,7,9,699722446752,24498
veh9,699722446749,,16.0486,0,CPM_DROP_PHY,3,9,699722446749,24497
veh9,699722446762,,16.0501,0,CPM_DROP_PHY,12,9,699722446762,24511
veh9,42797,16.0507,,0,CAM,9,,42797,-1
veh9,699722446784,,16.0618,0,CPM_DROP_PHY,6,9,699722446784,24540
veh9,699722446790,,16.0736,0,CPM_DROP_PHY,4,9,699722446790,24551
veh9,699722446816,,16.1023,0,CPM_DROP_PHY,11,9,699722446816,24584
veh9,699722446877,,16.1228,0,CPM_DROP_PHY,2,9,699722446877,24600
veh9,42892,,16.1253,0,CAM_DROP_PHY,5,9,42892,24595
veh9,699722446892,,16.1253,0,CPM_DROP_PHY,5,9,699722446892,24595
veh9,699722446871,,16.1281,0,CPM_DROP_PHY,10,9,699722446871,24598
veh9,42921,,16.1301,0,CAM_DROP_PHY,12,9,42921,24623
veh9,42929,,16.1353,0,CAM_DROP_PHY,8,9,42929,24630
veh9,699722446916,,16.1373,0,CPM_DROP_PHY,7,9,699722446916,24646
veh9,699722446913,,16.1486,0,CPM_DROP_PHY,3,9,699722446913,24644
veh9,699722446930,,16.1501,0,CPM_DROP_PHY,12,9,699722446930,24663
veh9,42967,16.1507,,0,CAM,9,,42967,-1
veh9,42951,,16.1573,0,CAM_DROP_PHY,7,9,42951,24660
veh9,42971,,16.1618,0,CAM_DROP_PHY,6,9,42971,24686
veh9,699722446956,,16.1618,0,CPM_DROP_PHY,6,9,699722446956,24686
veh9,699722446966,,16.1736,0,CPM_DROP_PHY,4,9,699722446966,24713
veh9,43006,,16.1973,0,CAM_DROP_PHY,10,9,43006,24732
veh9,699722446996,,16.2023,0,CPM_DROP_PHY,11,9,699722446996,24749
veh9,43024,,16.2028,0,CAM_DROP_PHY,2,9,43024,24752
veh9,43029,,16.2223,0,CAM_DROP_PHY,11,9,43029,24749
veh9,699722447063,,16.2228,0,CPM_DROP_PHY,2,9,699722447063,24773
veh9,699722447082,,16.2253,0,CPM_DROP_PHY,5,9,699722447082,24794
veh9,43112,,16.2301,0,CAM_DROP_PHY,12,9,43112,24804
veh9,43094,,16.2336,0,CAM_DROP_PHY,4,9,43094,24784
veh9,699722447107,,16.2373,0,CPM_DROP_PHY,7,9,699722447107,24827
veh9,43125,,16.2486,0,CAM_DROP_PHY,3,9,43125,24821
veh9,699722447104,,16.2486,0,CPM_DROP_PHY,3,9,699722447104,24821
veh9,699722447117,,16.2501,0,CPM_DROP_PHY,12,9,699722447117,24844
veh9,43154,16.2507,,0,CAM,9,,43154,-1
veh9,699722447140,,16.2618,0,CPM_DROP_PHY,6,9,699722447140,24874
veh9,699722447147,,16.2736,0,CPM_DROP_PHY,4,9,699722447147,24890
veh9,699722447167,,16.2953,0,CPM_DROP_PHY,8,9,699722447167,24914
veh9,699722447176,,16.3023,0,CPM_DROP_PHY,11,9,699722447176,24922
veh9,699722447236,,16.3228,0,CPM_DROP_PHY,2,9,699722447236,24943
veh9,699722447250,,16.3253,0,CPM_DROP_PHY,5,9,699722447250,24958
veh9,699722447268,,16.3373,0,CPM_DROP_PHY,7,9,699722447268,24981
veh9,699722447265,,16.3486,0,CPM_DROP_PHY,3,9,699722447265,24980
veh9,699722447278,,16.3501,0,CPM_DROP_PHY,12,9,699722447278,24994
veh9,43313,16.3507,,0,CAM,9,,43313,-1
veh9,699722447298,,16.3618,0,CPM_DROP_PHY,6,9,699722447298,25017
veh9,699722447306,,16.3736,0,CPM_DROP_PHY,4,9,699722447306,25033
veh9,699722447430,,16.4023,0,CPM_DROP_PHY,11,9,699722447430,25064
veh9,43458,,16.4028,0,CAM_DROP_PHY,2,9,43458,25066
veh9,43509,,16.4173,0,CAM_DROP_PHY,5,9,43509,25079
veh9,699722447494,,16.4228,0,CPM_DROP_PHY,2,9,699722447494,25084
veh9,699722447230,,16.4281,0,CPM_DROP_PHY,10,9,699722447230,24941
veh9,699722447489,,16.4281,0,CPM_DROP_PHY,10,9,699722447489,25082
veh9,43539,,16.4301,0,CAM_DROP_PHY,12,9,43539,25111
veh9,699722447510,,16.4373,0,CPM_DROP_PHY,5,9,699722447510,25105
veh9,699722447530,,16.4373,0,CPM_DROP_PHY,7,9,699722447530,25130
veh9,699722447527,,16.4486,0,CPM_DROP_PHY,3,9,699722447527,25129
veh9,699722447543,,16.4501,0,CPM_DROP_PHY,12,9,699722447543,25147
veh9,43580,16.4507,,0,CAM,9,,43580,-1
veh9,43563,,16.4573,0,CAM_DROP_PHY,7,9,43563,25144
veh9,43585,,16.4618,0,CAM_DROP_PHY,6,9,43585,25172
veh9,699722447570,,16.4618,0,CPM_DROP_PHY,6,9,699722447570,25172
veh9,699722447581,,16.4736,0,CPM_DROP_PHY,4,9,699722447581,25201
veh9,699722447608,,16.5023,0,CPM_DROP_PHY,11,9,699722447608,25239
veh9,699722447666,,16.5228,0,CPM_DROP_PHY,2,9,699722447666,25255
veh9,699722447660,,16.5281,0,CPM_DROP_PHY,10,9,699722447660,25253
veh9,43696,,16.5336,0,CAM_DROP_PHY,4,9,43696,25263
veh9,699722447685,,16.5373,0,CPM_DROP_PHY,5,9,699722447685,25271
veh9,699722447704,,16.5373,0,CPM_DROP_PHY,7,9,699722447704,25289
veh9,43722,,16.5486,0,CAM_DROP_PHY,3,9,43722,25285
veh9,699722447701,,16.5486,0,CPM_DROP_PHY,3,9,699722447701,25285
veh9,699722447714,,16.5501,0,CPM_DROP_PHY,12,9,699722447714,25306
veh9,43749,16.5507,,0,CAM,9,,43749,-1
veh9,699722447736,,16.5618,0,CPM_DROP_PHY,6,9,699722447736,25338
veh9,699722447743,,16.5736,0,CPM_DROP_PHY,4,9,699722447743,25353
veh9,43781,,16.5881,0,CAM_DROP_PHY,10,9,43781,25372
veh9,699722447772,,16.6023,0,CPM_DROP_PHY,11,9,699722447772,25388
veh9,43800,,16.6028,0,CAM_DROP_PHY,2,9,43800,25390
veh9,699722447840,,16.6228,0,CPM_DROP_PHY,2,9,699722447840,25411
veh9,699722447835,,16.6281,0,CPM_DROP_PHY,10,9,699722447835,25409
veh9,699722447856,,16.6373,0,CPM_DROP_PHY,5,9,699722447856,25430
veh9,699722447872,,16.6373,0,CPM_DROP_PHY,7,9,699722447872,25445
veh9,699722447869,,16.6486,0,CPM_DROP_PHY,3,9,699722447869,25444
veh9,699722447882,,16.6501,0,CPM_DROP_PHY,12,9,699722447882,25461
veh9,43917,16.6507,,0,CAM,9,,43917,-1
veh9,699722447903,,16.6618,0,CPM_DROP_PHY,6,9,699722447903,25489
veh9,699722447913,,16.6736,0,CPM_DROP_PHY,4,9,699722447913,25504
veh9,43951,,16.6973,0,CAM_DROP_PHY,10,9,43951,25523
veh9,699722447942,,16.7023,0,CPM_DROP_PHY,11,9,699722447942,25539
veh9,44021,,16.7173,0,CAM_DROP_PHY,5,9,44021,25555
veh9,44050,,16.7301,0,CAM_DROP_PHY,12,9,44050,25579
veh9,699722448021,,16.7373,0,CPM_DROP_PHY,5,9,699722448021,25573
veh9,44059,,16.7391,0,CAM_DROP_PHY,8,9,44059,25587
veh9,699722448041,,16.7473,0,CPM_DROP_PHY,3,9,699722448041,25592
veh9,699722448056,,16.7501,0,CPM_DROP_PHY,12,9,699722448056,25610
veh9,44091,16.7507,,0,CAM,9,,44091,-1
veh9,699722448044,,16.7558,0,CPM_DROP_PHY,7,9,699722448044,25594
veh9,44077,,16.7558,0,CAM_DROP_PHY,7,9,44077,25594
veh9,44096,,16.7618,0,CAM_DROP_PHY,6,9,44096,25636
veh9,699722448083,,16.7618,0,CPM_DROP_PHY,6,9,699722448083,25636
veh9,699722448090,,16.7736,0,CPM_DROP_PHY,4,9,699722448090,25662
veh9,699722448119,,16.8023,0,CPM_DROP_PHY,11,9,699722448119,25700
veh9,44152,,16.8023,0,CAM_DROP_PHY,11,9,44152,25700
veh9,44147,,16.8028,0,CAM_DROP_PHY,2,9,44147,25703
veh9,44216,,16.8336,0,CAM_DROP_PHY,4,9,44216,25735
veh9,699722448204,,16.8373,0,CPM_DROP_PHY,5,9,699722448204,25741
veh9,699722448230,,16.8453,0,CPM_DROP_PHY,12,9,699722448230,25768
veh9,44239,,16.8473,0,CAM_DROP_PHY,3,9,44239,25751
veh9,699722448219,,16.8473,0,CPM_DROP_PHY,3,9,699722448219,25751
veh9,44266,16.8507,,0,CAM,9,,44266,-1
veh9,699722448221,,16.8558,0,CPM_DROP_PHY,7,9,699722448221,25755
veh9,699722448254,,16.8631,0,CPM_DROP_PHY,6,9,699722448254,25803
veh9,699722448261,,16.8736,0,CPM_DROP_PHY,4,9,699722448261,25816
veh9,44128,,16.8881,0,CAM_DROP_PHY,10,9,44128,25684
veh9,699722448283,,16.8991,0,CPM_DROP_PHY,8,9,699722448283,25844
veh9,699722448292,,16.9023,0,CPM_DROP_PHY,11,9,699722448292,25854
veh9,699722448466,,16.9373,0,CPM_DROP_PHY,5,9,699722448466,25894
veh9,699722448489,,16.9453,0,CPM_DROP_PHY,12,9,699722448489,25915
veh9,699722448478,,16.9473,0,CPM_DROP_PHY,3,9,699722448478,25904
veh9,44525,16.9507,,0,CAM,9,,44525,-1
veh9,699722448481,,16.9558,0,CPM_DROP_PHY,7,9,699722448481,25906
veh9,699722448513,,16.9631,0,CPM_DROP_PHY,6,9,699722448513,25947
veh9,44299,,16.9881,0,CAM_DROP_PHY,10,9,44299,25837
veh9,699722448446,,16.9881,0,CPM_DROP_PHY,10,9,699722448446,25876
veh9,44559,,16.9911,0,CAM_DROP_PHY,10,9,44559,25980
veh9,44578,,17.0028,0,CAM_DROP_PHY,2,9,44578,26002
veh9,699722448550,,17.0051,0,CPM_DROP_PHY,11,9,699722448550,25998
veh9,44630,,17.0173,0,CAM_DROP_PHY,5,9,44630,26017
veh9,699722448611,,17.0201,0,CPM_DROP_PHY,10,9,699722448611,26019
veh9,699722448632,,17.0373,0,CPM_DROP_PHY,5,9,699722448632,26039
veh9,44661,,17.0453,0,CAM_DROP_PHY,12,9,44661,26046
veh9,699722448663,,17.0453,0,CPM_DROP_PHY,12,9,699722448663,26046
veh9,699722448648,,17.0473,0,CPM_DROP_PHY,3,9,699722448648,26054
veh9,44698,17.0507,,0,CAM,9,,44698,-1
veh9,699722448651,,17.0558,0,CPM_DROP_PHY,7,9,699722448651,26056
veh9,44683,,17.0558,0,CAM_DROP_PHY,7,9,44683,26056
veh9,44702,,17.0631,0,CAM_DROP_PHY,6,9,44702,26087
veh9,699722448689,,17.0631,0,CPM_DROP_PHY,6,9,699722448689,26087
veh9,699722448731,,17.1051,0,CPM_DROP_PHY,11,9,699722448731,26159
veh9,699722448810,,17.1373,0,CPM_DROP_PHY,5,9,699722448810,26191
veh9,699722448837,,17.1453,0,CPM_DROP_PHY,12,9,699722448837,26217
veh9,44846,,17.1473,0,CAM_DROP_PHY,3,9,44846,26201
veh9,699722448825,,17.1473,0,CPM_DROP_PHY,3,9,699722448825,26201
veh9,44873,17.1507,,0,CAM,9,,44873,-1
veh9,699722448828,,17.1558,0,CPM_DROP_PHY,7,9,699722448828,26204
veh9,699722448861,,17.1631,0,CPM_DROP_PHY,6,9,699722448861,26253
veh9,699722448895,,17.1991,0,CPM_DROP_PHY,8,9,699722448895,26298
veh9,44931,,17.2028,0,CAM_DROP_PHY,2,9,44931,26309
veh9,699722448903,,17.2051,0,CPM_DROP_PHY,11,9,699722448903,26305
veh9,699722448787,,17.2201,0,CPM_DROP_PHY,10,9,699722448787,26176
veh9,699722448964,,17.2201,0,CPM_DROP_PHY,10,9,699722448964,26328
veh9,699722448970,,17.2228,0,CPM_DROP_PHY,2,9,699722448970,26331
veh9,44821,,17.2366,0,CAM_DROP_PHY,4,9,44821,26185
veh9,699722448988,,17.2373,0,CPM_DROP_PHY,5,9,699722448988,26353
veh9,699722449013,,17.2453,0,CPM_DROP_PHY,12,9,699722449013,26380
veh9,699722449002,,17.2473,0,CPM_DROP_PHY,3,9,699722449002,26368
veh9,45048,17.2507,,0,CAM,9,,45048,-1
veh9,699722449004,,17.2558,0,CPM_DROP_PHY,7,9,699722449004,26370
veh9,699722449036,,17.2631,0,CPM_DROP_PHY,6,9,699722449036,26412
veh9,45084,,17.2911,0,CAM_DROP_PHY,10,9,45084,26445
veh9,699722449069,,17.2991,0,CPM_DROP_PHY,8,9,699722449069,26456
veh9,45105,,17.3028,0,CAM_DROP_PHY,2,9,45105,26468
veh9,699722449078,,17.3051,0,CPM_DROP_PHY,11,9,699722449078,26464
veh9,45159,,17.3173,0,CAM_DROP_PHY,5,9,45159,26486
veh9,699722449139,,17.3311,0,CPM_DROP_PHY,10,9,699722449139,26488
veh9,699722449160,,17.3373,0,CPM_DROP_PHY,5,9,699722449160,26512
veh9,45194,,17.3391,0,CAM_DROP_PHY,8,9,45194,26525
veh9,699722449191,,17.3453,0,CPM_DROP_PHY,12,9,699722449191,26543
veh9,699722449176,,17.3473,0,CPM_DROP_PHY,3,9,699722449176,26527
veh9,45225,17.3507,,0,CAM,9,,45225,-1
veh9,699722449179,,17.3558,0,CPM_DROP_PHY,7,9,699722449179,26529
veh9,45212,,17.3558,0,CAM_DROP_PHY,7,9,45212,26529
veh9,45230,,17.3631,0,CAM_DROP_PHY,6,9,45230,26567
veh9,699722449218,,17.3631,0,CPM_DROP_PHY,6,9,699722449218,26567
veh9,699722449247,,17.3991,0,CPM_DROP_PHY,8,9,699722449247,26621
veh9,45282,,17.4028,0,CAM_DROP_PHY,2,9,45282,26629
veh9,699722449254,,17.4051,0,CPM_DROP_PHY,11,9,699722449254,26626
veh9,45287,,17.4051,0,CAM_DROP_PHY,11,9,45287,26626
veh9,699722449318,,17.4311,0,CPM_DROP_PHY,10,9,699722449318,26649
veh9,699722449342,,17.4386,0,CPM_DROP_PHY,5,9,699722449342,26672
veh9,699722449469,,17.4453,0,CPM_DROP_PHY,12,9,699722449469,26699
veh9,45477,,17.4473,0,CAM_DROP_PHY,3,9,45477,26683
veh9,699722449457,,17.4473,0,CPM_DROP_PHY,3,9,699722449457,26683
veh9,45505,17.4507,,0,CAM,9,,45505,-1
veh9,699722449460,,17.4508,0,CPM_DROP_PHY,7,9,699722449460,26685
veh9,699722449493,,17.4631,0,CPM_DROP_PHY,6,9,699722449493,26737
veh9,45540,,17.4801,0,CAM_DROP_PHY,10,9,45540,26768
veh9,699722449524,,17.4991,0,CPM_DROP_PHY,8,9,699722449524,26778
veh9,45561,,17.5028,0,CAM_DROP_PHY,2,9,45561,26790
veh9,699722449533,,17.5051,0,CPM_DROP_PHY,11,9,699722449533,26787
veh9,699722449589,,17.5201,0,CPM_DROP_PHY,10,9,699722449589,26809
veh9,45353,,17.5366,0,CAM_DROP_PHY,4,9,45353,26667
veh9,699722449501,,17.5366,0,CPM_DROP_PHY,4,9,699722449501,26749
veh9,699722449611,,17.5386,0,CPM_DROP_PHY,5,9,699722449611,26831
veh9,699722449634,,17.5453,0,CPM_DROP_PHY,12,9,699722449634,26854
veh9,699722449622,,17.5473,0,CPM_DROP_PHY,3,9,699722449622,26842
veh9,45669,17.5507,,0,CAM,9,,45669,-1
veh9,699722449625,,17.5508,0,CPM_DROP_PHY,7,9,699722449625,26843
veh9,699722449657,,17.5631,0,CPM_DROP_PHY,6,9,699722449657,26888
veh9,699722449664,,17.5766,0,CPM_DROP_PHY,4,9,699722449664,26900
veh9,699722449684,,17.5991,0,CPM_DROP_PHY,8,9,699722449684,26925
veh9,699722449692,,17.6051,0,CPM_DROP_PHY,11,9,699722449692,26931
veh9,45769,,17.6186,0,CAM_DROP_PHY,5,9,45769,26948
veh9,699722449749,,17.6311,0,CPM_DROP_PHY,10,9,699722449749,26950
veh9,699722449770,,17.6386,0,CPM_DROP_PHY,5,9,699722449770,26970
veh9,699722449786,,17.6403,0,CPM_DROP_PHY,3,9,699722449786,26985
veh9,45798,,17.6453,0,CAM_DROP_PHY,12,9,45798,26976
veh9,699722449802,,17.6453,0,CPM_DROP_PHY,12,9,699722449802,26976
veh9,45836,17.6507,,0,CAM,9,,45836,-1
veh9,699722449789,,17.6508,0,CPM_DROP_PHY,7,9,699722449789,26987
veh9,45822,,17.6508,0,CAM_DROP_PHY,7,9,45822,26987
veh9,45841,,17.6631,0,CAM_DROP_PHY,6,9,45841,27016
veh9,699722449828,,17.6631,0,CPM_DROP_PHY,6,9,699722449828,27016
veh9,699722449840,,17.6766,0,CPM_DROP_PHY,4,9,699722449840,27047
veh9,699722449862,,17.6991,0,CPM_DROP_PHY,8,9,699722449862,27076
veh9,45899,,17.7028,0,CAM_DROP_PHY,2,9,45899,27087
veh9,699722449870,,17.7051,0,CPM_DROP_PHY,11,9,699722449870,27084
veh9,699722449930,,17.7311,0,CPM_DROP_PHY,10,9,699722449930,27105
veh9,45965,,17.7366,0,CAM_DROP_PHY,4,9,45965,27124
veh9,699722449953,,17.7386,0,CPM_DROP_PHY,5,9,699722449953,27130
veh9,45988,,17.7403,0,CAM_DROP_PHY,3,9,45988,27140
veh9,699722449967,,17.7403,0,CPM_DROP_PHY,3,9,699722449967,27140
veh9,699722449980,,17.7498,0,CPM_DROP_PHY,12,9,699722449980,27159
veh9,46015,17.7507,,0,CAM,9,,46015,-1
veh9,699722449970,,17.7508,0,CPM_DROP_PHY,7,9,699722449970,27142
veh9,699722450004,,17.7631,0,CPM_DROP_PHY,6,9,699722450004,27196
veh9,699722450013,,17.7766,0,CPM_DROP_PHY,4,9,699722450013,27207
veh9,46054,,17.7911,0,CAM_DROP_PHY,10,9,46054,27229
veh9,699722450039,,17.7991,0,CPM_DROP_PHY,8,9,699722450039,27240
veh9,699722450048,,17.8051,0,CPM_DROP_PHY,11,9,699722450048,27252
veh9,699722450107,,17.8201,0,CPM_DROP_PHY,10,9,699722450107,27270
veh9,699722450113,,17.8228,0,CPM_DROP_PHY,2,9,699722450113,27274
veh9,699722450131,,17.8386,0,CPM_DROP_PHY,5,9,699722450131,27293
veh9,699722450144,,17.8403,0,CPM_DROP_PHY,3,9,699722450144,27308
veh9,699722450156,,17.8498,0,CPM_DROP_PHY,12,9,699722450156,27322
veh9,46190,17.8507,,0,CAM,9,,46190,-1
veh9,699722450147,,17.8508,0,CPM_DROP_PHY,7,9,699722450147,27309
veh9,699722450179,,17.8733,0,CPM_DROP_PHY,6,9,699722450179,27356
veh9,699722450185,,17.8766,0,CPM_DROP_PHY,4,9,699722450185,27363
veh9,699722450207,,17.8941,0,CPM_DROP_PHY,8,9,699722450207,27389
veh9,699722450216,,17.8993,0,CPM_DROP_PHY,11,9,699722450216,27398
veh9,46245,,17.9028,0,CAM_DROP_PHY,2,9,46245,27402
veh9,46302,,17.9186,0,CAM_DROP_PHY,5,9,46302,27415
veh9,699722450283,,17.9201,0,CPM_DROP_PHY,10,9,699722450283,27419
veh9,46338,,17.9341,0,CAM_DROP_PHY,8,9,46338,27455
veh9,699722450304,,17.9386,0,CPM_DROP_PHY,5,9,699722450304,27446
veh9,699722450321,,17.9403,0,CPM_DROP_PHY,3,9,699722450321,27463
veh9,699722450336,,17.9498,0,CPM_DROP_PHY,12,9,699722450336,27480
veh9,46368,17.9507,,0,CAM,9,,46368,-1
veh9,699722450323,,17.9508,0,CPM_DROP_PHY,7,9,699722450323,27465
veh9,46356,,17.9508,0,CAM_DROP_PHY,7,9,46356,27465
veh9,46374,,17.9533,0,CAM_DROP_PHY,6,9,46374,27496
veh9,699722450467,,17.9703,0,CPM_DROP_PHY,4,9,699722450467,27530
veh9,699722450461,,17.9733,0,CPM_DROP_PHY,6,9,699722450461,27521
veh9,699722450490,,17.9941,0,CPM_DROP_PHY,8,9,699722450490,27560
veh9,699722450497,,17.9993,0,CPM_DROP_PHY,11,9,699722450497,27566
veh9,46527,,17.9993,0,CAM_DROP_PHY,11,9,46527,27566
veh9,699722450556,,18.0201,0,CPM_DROP_PHY,10,9,699722450556,27584
veh9,46591,,18.0303,0,CAM_DROP_PHY,4,9,46591,27597
veh9,699722450580,,18.0386,0,CPM_DROP_PHY,5,9,699722450580,27603
veh9,46615,,18.0403,0,CAM_DROP_PHY,3,9,46615,27617
veh9,699722450594,,18.0403,0,CPM_DROP_PHY,3,9,699722450594,27617
veh9,699722450606,,18.0498,0,CPM_DROP_PHY,12,9,699722450606,27630
veh9,46640,18.0507,,0,CAM,9,,46640,-1
veh9,699722450597,,18.0508,0,CPM_DROP_PHY,7,9,699722450597,27619
veh9,699722450629,,18.0733,0,CPM_DROP_PHY,6,9,699722450629,27667
veh9,699722450657,,18.0941,0,CPM_DROP_PHY,8,9,699722450657,27704
veh9,699722450664,,18.0993,0,CPM_DROP_PHY,11,9,699722450664,27711
veh9,46692,,18.1028,0,CAM_DROP_PHY,2,9,46692,27716
veh9,699722450726,,18.1158,0,CPM_DROP_PHY,10,9,699722450726,27731
veh9,699722450757,,18.1403,0,CPM_DROP_PHY,3,9,699722450757,27766
veh9,699722450746,,18.1418,0,CPM_DROP_PHY,5,9,699722450746,27755
veh9,699722450770,,18.1498,0,CPM_DROP_PHY,12,9,699722450770,27778
veh9,46802,18.1507,,0,CAM,9,,46802,-1
veh9,699722450760,,18.1508,0,CPM_DROP_PHY,7,9,699722450760,27768
veh9,699722450790,,18.1733,0,CPM_DROP_PHY,6,9,699722450790,27809
veh9,699722450819,,18.1941,0,CPM_DROP_PHY,8,9,699722450819,27847
veh9,699722450827,,18.1993,0,CPM_DROP_PHY,11,9,699722450827,27854
veh9,699722450890,,18.2158,0,CPM_DROP_PHY,10,9,699722450890,27872
veh9,46909,,18.2218,0,CAM_DROP_PHY,5,9,46909,27867
veh9,46939,,18.2298,0,CAM_DROP_PHY,12,9,46939,27895
veh9,699722450927,,18.2403,0,CPM_DROP_PHY,3,9,699722450927,27912
veh9,699722450911,,18.2418,0,CPM_DROP_PHY,5,9,699722450911,27894
veh9,699722450942,,18.2498,0,CPM_DROP_PHY,12,9,699722450942,27930
veh9,46975,18.2507,,0,CAM,9,,46975,-1
veh9,699722450929,,18.2508,0,CPM_DROP_PHY,7,9,699722450929,27914
veh9,46963,,18.2508,0,CAM_DROP_PHY,7,9,46963,27914
veh9,46980,,18.2533,0,CAM_DROP_PHY,6,9,46980,27946
veh9,699722450967,,18.2733,0,CPM_DROP_PHY,6,9,699722450967,27965
veh9,699722450996,,18.2941,0,CPM_DROP_PHY,8,9,699722450996,28008
veh9,47033,,18.2988,0,CAM_DROP_PHY,2,9,47033,28020
veh9,699722451003,,18.2993,0,CPM_DROP_PHY,11,9,699722451003,28015
veh9,699722451069,,18.3158,0,CPM_DROP_PHY,10,9,699722451069,28037
veh9,47127,,18.3403,0,CAM_DROP_PHY,3,9,47127,28073
veh9,699722451107,,18.3403,0,CPM_DROP_PHY,3,9,699722451107,28073
veh9,699722451091,,18.3418,0,CPM_DROP_PHY,5,9,699722451091,28060
veh9,699722451119,,18.3498,0,CPM_DROP_PHY,12,9,699722451119,28086
veh9,47153,18.3507,,0,CAM,9,,47153,-1
veh9,699722451109,,18.3508,0,CPM_DROP_PHY,7,9,699722451109,28076
veh9,699722451141,,18.3733,0,CPM_DROP_PHY,6,9,699722451141,28123
veh9,699722451173,,18.3941,0,CPM_DROP_PHY,8,9,699722451173,28162
veh9,699722451180,,18.3993,0,CPM_DROP_PHY,11,9,699722451180,28169
veh9,47211,,18.3993,0,CAM_DROP_PHY,11,9,47211,28169
veh9,47187,,18.4116,0,CAM_DROP_PHY,10,9,47187,28150
veh9,699722451251,,18.4188,0,CPM_DROP_PHY,2,9,699722451251,28196
veh9,47105,,18.4303,0,CAM_DROP_PHY,4,9,47105,28057
veh9,699722451246,,18.4316,0,CPM_DROP_PHY,10,9,699722451246,28190
veh9,699722451282,,18.4403,0,CPM_DROP_PHY,3,9,699722451282,28232
veh9,699722451269,,18.4418,0,CPM_DROP_PHY,5,9,699722451269,28217
veh9,699722451294,,18.4498,0,CPM_DROP_PHY,12,9,699722451294,28244
veh9,47327,18.4507,,0,CAM,9,,47327,-1
veh9,699722451285,,18.4508,0,CPM_DROP_PHY,7,9,699722451285,28234
veh9,699722451315,,18.4733,0,CPM_DROP_PHY,6,9,699722451315,28276
veh9,699722451342,,18.4941,0,CPM_DROP_PHY,8,9,699722451342,28313
veh9,47378,,18.4988,0,CAM_DROP_PHY,2,9,47378,28325
veh9,699722451349,,18.4993,0,CPM_DROP_PHY,11,9,699722451349,28320
veh9,47383,,18.4993,0,CAM_DROP_PHY,11,9,47383,28320
veh9,699722451526,,18.5158,0,CPM_DROP_PHY,10,9,699722451526,28344
veh9,47545,,18.5218,0,CAM_DROP_PHY,5,9,47545,28339
veh9,47580,,18.5341,0,CAM_DROP_PHY,8,9,47580,28378
veh9,699722451563,,18.5383,0,CPM_DROP_PHY,3,9,699722451563,28386
veh9,699722451547,,18.5418,0,CPM_DROP_PHY,5,9,699722451547,28369
veh9,699722451578,,18.5498,0,CPM_DROP_PHY,12,9,699722451578,28404
veh9,47612,18.5507,,0,CAM,9,,47612,-1
veh9,699722451565,,18.5508,0,CPM_DROP_PHY,7,9,699722451565,28388
veh9,47599,,18.5508,0,CAM_DROP_PHY,7,9,47599,28388
veh9,47617,,18.5658,0,CAM_DROP_PHY,6,9,47617,28423
veh9,699722451605,,18.5733,0,CPM_DROP_PHY,6,9,699722451605,28441
veh9,699722451633,,18.5941,0,CPM_DROP_PHY,8,9,699722451633,28482
veh9,699722451641,,18.5993,0,CPM_DROP_PHY,11,9,699722451641,28489
veh9,47671,,18.6193,0,CAM_DROP_PHY,11,9,47671,28489
veh9,699722451711,,18.6316,0,CPM_DROP_PHY,10,9,699722451711,28507
veh9,47769,,18.6383,0,CAM_DROP_PHY,3,9,47769,28547
veh9,699722451732,,18.6418,0,CPM_DROP_PHY,5,9,699722451732,28529
veh9,699722451761,,18.6498,0,CPM_DROP_PHY,12,9,699722451761,28562
veh9,47795,18.6507,,0,CAM,9,,47795,-1
veh9,699722451752,,18.6508,0,CPM_DROP_PHY,7,9,699722451752,28550
veh9,699722451749,,18.6583,0,CPM_DROP_PHY,3,9,699722451749,28547
veh9,699722451784,,18.6858,0,CPM_DROP_PHY,6,9,699722451784,28600
veh9,699722451813,,18.6941,0,CPM_DROP_PHY,8,9,699722451813,28641
veh9,47851,,18.6988,0,CAM_DROP_PHY,2,9,47851,28653
veh9,699722451820,,18.6993,0,CPM_DROP_PHY,11,9,699722451820,28648
veh9,47855,,18.6993,0,CAM_DROP_PHY,11,9,47855,28648
veh9,699722451894,,18.7158,0,CPM_DROP_PHY,10,9,699722451894,28671
veh9,47746,,18.7303,0,CAM_DROP_PHY,4,9,47746,28527
veh9,699722451927,,18.7383,0,CPM_DROP_PHY,3,9,699722451927,28704
veh9,699722451914,,18.7418,0,CPM_DROP_PHY,5,9,699722451914,28693
veh9,699722451940,,18.7498,0,CPM_DROP_PHY,12,9,699722451940,28718
veh9,699722451930,,18.7501,0,CPM_DROP_PHY,7,9,699722451930,28706
veh9,47973,18.7507,,0,CAM,9,,47973,-1
veh9,699722451962,,18.7733,0,CPM_DROP_PHY,6,9,699722451962,28750
veh9,699722451991,,18.7941,0,CPM_DROP_PHY,8,9,699722451991,28785
veh9,699722451999,,18.7993,0,CPM_DROP_PHY,11,9,699722451999,28792
veh9,48029,,18.7993,0,CAM_DROP_PHY,11,9,48029,28792
veh9,699722452075,,18.8158,0,CPM_DROP_PHY,10,9,699722452075,28811
veh9,48094,,18.8218,0,CAM_DROP_PHY,5,9,48094,28806
veh9,48123,,18.8298,0,CAM_DROP_PHY,12,9,48123,28834
veh9,699722452111,,18.8383,0,CPM_DROP_PHY,3,9,699722452111,28851
veh9,699722452095,,18.8418,0,CPM_DROP_PHY,5,9,699722452095,28833
veh9,699722452127,,18.8498,0,CPM_DROP_PHY,12,9,699722452127,28871
veh9,699722452114,,18.8501,0,CPM_DROP_PHY,7,9,699722452114,28853
veh9,48147,,18.8501,0,CAM_DROP_PHY,7,9,48147,28853
veh9,48160,18.8507,,0,CAM,9,,48160,-1
veh9,48165,,18.8658,0,CAM_DROP_PHY,6,9,48165,28887
veh9,699722452153,,18.8733,0,CPM_DROP_PHY,6,9,699722452153,28907
veh9,699722452182,,18.8941,0,CPM_DROP_PHY,8,9,699722452182,28947
veh9,48218,,18.8988,0,CAM_DROP_PHY,2,9,48218,28959
veh9,699722452190,,18.8993,0,CPM_DROP_PHY,11,9,699722452190,28954
veh9,699722452266,,18.9158,0,CPM_DROP_PHY,10,9,699722452266,28977
veh9,699722452272,,18.9188,0,CPM_DROP_PHY,2,9,699722452272,28985
veh9,48222,,18.9193,0,CAM_DROP_PHY,11,9,48222,28954
veh9,48329,,18.9383,0,CAM_DROP_PHY,3,9,48329,29028
veh9,699722452292,,18.9418,0,CPM_DROP_PHY,5,9,699722452292,29006
veh9,699722452321,,18.9498,0,CPM_DROP_PHY,12,9,699722452321,29043
veh9,699722452311,,18.9501,0,CPM_DROP_PHY,7,9,699722452311,29031
veh9,48355,18.9507,,0,CAM,9,,48355,-1
veh9,699722452309,,18.9583,0,CPM_DROP_PHY,3,9,699722452309,29028
veh9,699722452344,,18.9858,0,CPM_DROP_PHY,6,9,699722452344,29083
veh9,699722452376,,18.9941,0,CPM_DROP_PHY,8,9,699722452376,29124
veh9,699722452385,,18.9993,0,CPM_DROP_PHY,11,9,699722452385,29130
veh9,48390,,19.0093,0,CAM_DROP_PHY,10,9,48390,29112
veh9,699722452554,,19.0293,0,CPM_DROP_PHY,10,9,699722452554,29152
veh9,48304,,19.0303,0,CAM_DROP_PHY,4,9,48304,29003
veh9,699722452587,,19.0383,0,CPM_DROP_PHY,3,9,699722452587,29184
veh9,699722452575,,19.0418,0,CPM_DROP_PHY,5,9,699722452575,29174
veh9,699722452589,,19.0501,0,CPM_DROP_PHY,7,9,699722452589,29185
veh9,48632,19.0507,,0,CAM,9,,48632,-1
veh9,699722452599,,19.0606,0,CPM_DROP_PHY,12,9,699722452599,29199
veh9,699722452620,,19.0733,0,CPM_DROP_PHY,6,9,699722452620,29226
veh9,699722452647,,19.0941,0,CPM_DROP_PHY,8,9,699722452647,29266
veh9,48683,,19.0988,0,CAM_DROP_PHY,2,9,48683,29276
veh9,699722452655,,19.0993,0,CPM_DROP_PHY,11,9,699722452655,29272
veh9,48688,,19.1146,0,CAM_DROP_PHY,11,9,48688,29272
veh9,48755,,19.1218,0,CAM_DROP_PHY,5,9,48755,29292
veh9,699722452735,,19.1293,0,CPM_DROP_PHY,10,9,699722452735,29297
veh9,699722452773,,19.1383,0,CPM_DROP_PHY,3,9,699722452773,29343
veh9,699722452760,,19.1418,0,CPM_DROP_PHY,5,9,699722452760,29328
veh9,699722452776,,19.1501,0,CPM_DROP_PHY,7,9,699722452776,29344
veh9,48809,,19.1501,0,CAM_DROP_PHY,7,9,48809,29344
veh9,48821,19.1507,,0,CAM,9,,48821,-1
veh9,699722452789,,19.1606,0,CPM_DROP_PHY,12,9,699722452789,29359
veh9,48825,,19.1658,0,CAM_DROP_PHY,6,9,48825,29371
veh9,699722452813,,19.1733,0,CPM_DROP_PHY,6,9,699722452813,29390
veh9,699722452844,,19.1941,0,CPM_DROP_PHY,8,9,699722452844,29434
veh9,699722452852,,19.1946,0,CPM_DROP_PHY,11,9,699722452852,29440
veh9,699722452937,,19.2186,0,CPM_DROP_PHY,10,9,699722452937,29462
veh9,699722452960,,19.2253,0,CPM_DROP_PHY,5,9,699722452960,29477
veh9,48996,,19.2341,0,CAM_DROP_PHY,8,9,48996,29492
veh9,49001,,19.2383,0,CAM_DROP_PHY,3,9,49001,29496
veh9,699722452984,,19.2501,0,CPM_DROP_PHY,7,9,699722452984,29500
veh9,49029,19.2507,,0,CAM,9,,49029,-1
veh9,699722452982,,19.2583,0,CPM_DROP_PHY,3,9,699722452982,29496
veh9,699722452994,,19.2606,0,CPM_DROP_PHY,12,9,699722452994,29514
veh9,699722453017,,19.2753,0,CPM_DROP_PHY,6,9,699722453017,29549
veh9,699722453046,,19.2943,0,CPM_DROP_PHY,8,9,699722453046,29592
veh9,699722453055,,19.2946,0,CPM_DROP_PHY,11,9,699722453055,29599
veh9,49084,,19.3148,0,CAM_DROP_PHY,2,9,49084,29609
veh9,699722453139,,19.3293,0,CPM_DROP_PHY,10,9,699722453139,29622
veh9,48972,,19.3303,0,CAM_DROP_PHY,4,9,48972,29474
veh9,699722453173,,19.3383,0,CPM_DROP_PHY,3,9,699722453173,29661
veh9,699722453176,,19.3501,0,CPM_DROP_PHY,7,9,699722453176,29662
veh9,49218,19.3507,,0,CAM,9,,49218,-1
veh9,699722453185,,19.3606,0,CPM_DROP_PHY,12,9,699722453185,29673
veh9,699722453206,,19.3753,0,CPM_DROP_PHY,6,9,699722453206,29700
veh9,699722453236,,19.3943,0,CPM_DROP_PHY,8,9,699722453236,29743
veh9,699722453244,,19.3946,0,CPM_DROP_PHY,11,9,699722453244,29750
veh9,49275,,19.4146,0,CAM_DROP_PHY,11,9,49275,29763
veh9,699722453336,,19.4148,0,CPM_DROP_PHY,2,9,699722453336,29778
veh9,699722453332,,19.4293,0,CPM_DROP_PHY,10,9,699722453332,29774
veh9,49391,,19.4343,0,CAM_DROP_PHY,8,9,49391,29817
veh9,699722453374,,19.4383,0,CPM_DROP_PHY,3,9,699722453374,29825
veh9,49384,,19.4406,0,CAM_DROP_PHY,12,9,49384,29810
veh9,699722453376,,19.4501,0,CPM_DROP_PHY,7,9,699722453376,29826
veh9,49410,,19.4501,0,CAM_DROP_PHY,7,9,49410,29826
veh9,49424,19.4507,,0,CAM,9,,49424,-1
veh9,49429,,19.4553,0,CAM_DROP_PHY,6,9,49429,29861
veh9,699722453390,,19.4606,0,CPM_DROP_PHY,12,9,699722453390,29842
veh9,699722453214,,19.4701,0,CPM_DROP_PHY,4,9,699722453214,29708
veh9,699722453424,,19.4701,0,CPM_DROP_PHY,4,9,699722453424,29891
veh9,699722453417,,19.4753,0,CPM_DROP_PHY,6,9,699722453417,29884
veh9,699722453443,,19.4943,0,CPM_DROP_PHY,8,9,699722453443,29921
veh9,699722453453,,19.4946,0,CPM_DROP_PHY,11,9,699722453453,29927
veh9,49482,,19.5148,0,CAM_DROP_PHY,2,9,49482,29937
veh9,699722453633,,19.5293,0,CPM_DROP_PHY,10,9,699722453633,29950
veh9,49668,,19.5301,0,CAM_DROP_PHY,4,9,49668,29966
veh9,49693,,19.5386,0,CAM_DROP_PHY,3,9,49693,29989
veh9,699722453676,,19.5501,0,CPM_DROP_PHY,7,9,699722453676,29995
veh9,49718,19.5507,,0,CAM,9,,49718,-1
veh9,699722453673,,19.5586,0,CPM_DROP_PHY,3,9,699722453673,29989
veh9,699722453686,,19.5606,0,CPM_DROP_PHY,12,9,699722453686,30009
veh9,699722453714,,19.5701,0,CPM_DROP_PHY,4,9,699722453714,30049
veh9,699722453707,,19.5753,0,CPM_DROP_PHY,6,9,699722453707,30040
veh9,699722453738,,19.5943,0,CPM_DROP_PHY,8,9,699722453738,30082
veh9,699722453746,,19.5946,0,CPM_DROP_PHY,11,9,699722453746,30087
veh9,49754,,19.5986,0,CAM_DROP_PHY,10,9,49754,30074
veh9,699722453825,,19.6186,0,CPM_DROP_PHY,10,9,699722453825,30114
veh9,49880,,19.6343,0,CAM_DROP_PHY,8,9,49880,30143
veh9,699722453862,,19.6386,0,CPM_DROP_PHY,3,9,699722453862,30151
veh9,699722453865,,19.6436,0,CPM_DROP_PHY,7,9,699722453865,30152
veh9,49907,19.6507,,0,CAM,9,,49907,-1
veh9,699722453874,,19.6606,0,CPM_DROP_PHY,12,9,699722453874,30165
veh9,699722453901,,19.6701,0,CPM_DROP_PHY,4,9,699722453901,30203
veh9,699722453895,,19.6753,0,CPM_DROP_PHY,6,9,699722453895,30196
veh9,699722453923,,19.6943,0,CPM_DROP_PHY,8,9,699722453923,30232
veh9,699722453931,,19.6946,0,CPM_DROP_PHY,11,9,699722453931,30237
veh9,49966,,19.7146,0,CAM_DROP_PHY,11,9,49966,30251
veh9,49962,,19.7148,0,CAM_DROP_PHY,2,9,49962,30247
veh9,699722454022,,19.7186,0,CPM_DROP_PHY,10,9,699722454022,30263
veh9,699722453846,,19.7253,0,CPM_DROP_PHY,5,9,699722453846,30131
veh9,699722454059,,19.7386,0,CPM_DROP_PHY,3,9,699722454059,30308
veh9,699722454061,,19.7436,0,CPM_DROP_PHY,7,9,699722454061,30309
veh9,50093,,19.7436,0,CAM_DROP_PHY,7,9,50093,30309
veh9,50106,19.7507,,0,CAM,9,,50106,-1
veh9,50111,,19.7553,0,CAM_DROP_PHY,6,9,50111,30338
veh9,699722454073,,19.7606,0,CPM_DROP_PHY,12,9,699722454073,30321
veh9,699722454106,,19.7701,0,CPM_DROP_PHY,4,9,699722454106,30370
veh9,699722454100,,19.7753,0,CPM_DROP_PHY,6,9,699722454100,30363
veh9,699722454126,,19.7943,0,CPM_DROP_PHY,8,9,699722454126,30400
veh9,699722454134,,19.7946,0,CPM_DROP_PHY,11,9,699722454134,30405
veh9,699722454219,,19.8186,0,CPM_DROP_PHY,10,9,699722454219,30428
veh9,50253,,19.8301,0,CAM_DROP_PHY,4,9,50253,30440
veh9,50279,,19.8343,0,CAM_DROP_PHY,8,9,50279,30458
veh9,50284,,19.8386,0,CAM_DROP_PHY,3,9,50284,30460
veh9,699722454267,,19.8436,0,CPM_DROP_PHY,7,9,699722454267,30468
veh9,699722454244,,19.8453,0,CPM_DROP_PHY,5,9,699722454244,30443
veh9,699722454281,,19.8463,0,CPM_DROP_PHY,12,9,699722454281,30483
veh9,50316,19.8507,,0,CAM,9,,50316,-1
veh9,699722454264,,19.8586,0,CPM_DROP_PHY,3,9,699722454264,30460
veh9,699722454313,,19.8701,0,CPM_DROP_PHY,4,9,699722454313,30532
veh9,699722454305,,19.8753,0,CPM_DROP_PHY,6,9,699722454305,30523
veh9,699722454334,,19.8943,0,CPM_DROP_PHY,8,9,699722454334,30566
veh9,699722454342,,19.8946,0,CPM_DROP_PHY,11,9,699722454342,30572
veh9,50371,,19.9148,0,CAM_DROP_PHY,2,9,50371,30582
veh9,699722454439,,19.9148,0,CPM_DROP_PHY,2,9,699722454439,30582
veh9,699722454434,,19.9293,0,CPM_DROP_PHY,10,9,699722454434,30596
veh9,699722454473,,19.9386,0,CPM_DROP_PHY,3,9,699722454473,30635
veh9,699722454475,,19.9436,0,CPM_DROP_PHY,7,9,699722454475,30636
veh9,699722454486,,19.9463,0,CPM_DROP_PHY,12,9,699722454486,30647
veh9,50518,19.9507,,0,CAM,9,,50518,-1
veh9,699722454513,,19.9701,0,CPM_DROP_PHY,4,9,699722454513,30686
veh9,699722454507,,19.9753,0,CPM_DROP_PHY,6,9,699722454507,30680
veh9,699722454632,,19.9943,0,CPM_DROP_PHY,8,9,699722454632,30711
veh9,699722454640,,19.9946,0,CPM_DROP_PHY,11,9,699722454640,30716
veh9,699722454734,,20.0293,0,CPM_DROP_PHY,10,9,699722454734,30740
veh9,50791,,20.0343,0,CAM_DROP_PHY,8,9,50791,30765
veh9,699722454774,,20.0386,0,CPM_DROP_PHY,3,9,699722454774,30778
veh9,699722454777,,20.0436,0,CPM_DROP_PHY,7,9,699722454777,30779
veh9,50810,,20.0436,0,CAM_DROP_PHY,7,9,50810,30779
veh9,50784,,20.0463,0,CAM_DROP_PHY,12,9,50784,30760
veh9,50823,20.0507,,0,CAM,9,,50823,-1
veh9,50828,,20.0553,0,CAM_DROP_PHY,6,9,50828,30812
veh9,699722454789,,20.0663,0,CPM_DROP_PHY,12,9,699722454789,30760
veh9,699722454824,,20.0701,0,CPM_DROP_PHY,4,9,699722454824,30848
veh9,699722454816,,20.0753,0,CPM_DROP_PHY,6,9,699722454816,30840
veh9,699722454844,,20.0943,0,CPM_DROP_PHY,8,9,699722454844,30879
veh9,699722454851,,20.1101,0,CPM_DROP_PHY,11,9,699722454851,30885
veh9,50880,,20.1176,0,CAM_DROP_PHY,2,9,50880,30891
veh9,699722454946,,20.1186,0,CPM_DROP_PHY,10,9,699722454946,30901
veh9,50754,,20.1208,0,CAM_DROP_PHY,5,9,50754,30739
veh9,699722454756,,20.1208,0,CPM_DROP_PHY,5,9,699722454756,30756
veh9,50983,,20.1301,0,CAM_DROP_PHY,4,9,50983,30923
veh9,51011,,20.1386,0,CAM_DROP_PHY,3,9,51011,30943
veh9,699722454975,,20.1408,0,CPM_DROP_PHY,5,9,699722454975,30929
veh9,699722454994,,20.1436,0,CPM_DROP_PHY,7,9,699722454994,30947
veh9,699722455005,,20.1463,0,CPM_DROP_PHY,12,9,699722455005,30961
veh9,51037,20.1507,,0,CAM,9,,51037,-1
veh9,699722454991,,20.1586,0,CPM_DROP_PHY,3,9,699722454991,30943
veh9,699722455034,,20.1701,0,CPM_DROP_PHY,4,9,699722455034,31010
veh9,699722455028,,20.1753,0,CPM_DROP_PHY,6,9,699722455028,31003
veh9,699722455059,,20.1943,0,CPM_DROP_PHY,8,9,699722455059,31039
veh9,51075,,20.1986,0,CAM_DROP_PHY,10,9,51075,31031
veh9,699722455067,,20.2101,0,CPM_DROP_PHY,11,9,699722455067,31045
veh9,699722455163,,20.2293,0,CPM_DROP_PHY,10,9,699722455163,31065
veh9,51100,,20.2301,0,CAM_DROP_PHY,11,9,51100,31045
veh9,51223,,20.2343,0,CAM_DROP_PHY,8,9,51223,31102
veh9,699722455206,,20.2386,0,CPM_DROP_PHY,3,9,699722455206,31111
veh9,699722455187,,20.2408,0,CPM_DROP_PHY,5,9,699722455187,31089
veh9,699722455209,,20.2436,0,CPM_DROP_PHY,7,9,699722455209,31112
veh9,51215,,20.2463,0,CAM_DROP_PHY,12,9,51215,31093
veh9,51253,20.2507,,0,CAM,9,,51253,-1
veh9,699722455219,,20.2663,0,CPM_DROP_PHY,12,9,699722455219,31093
veh9,699722455248,,20.2701,0,CPM_DROP_PHY,4,9,699722455248,31169
veh9,699722455241,,20.2753,0,CPM_DROP_PHY,6,9,699722455241,31164
veh9,699722455269,,20.2943,0,CPM_DROP_PHY,8,9,699722455269,31204
veh9,51306,,20.2976,0,CAM_DROP_PHY,2,9,51306,31216
veh9,699722455278,,20.3101,0,CPM_DROP_PHY,11,9,699722455278,31211
veh9,51394,,20.3208,0,CAM_DROP_PHY,5,9,51394,31234
veh9,699722455375,,20.3293,0,CPM_DROP_PHY,10,9,699722455375,31235
veh9,699722455415,,20.3386,0,CPM_DROP_PHY,3,9,699722455415,31276
veh9,699722455399,,20.3408,0,CPM_DROP_PHY,5,9,699722455399,31258
veh9,699722455418,,20.3436,0,CPM_DROP_PHY,7,9,699722455418,31277
veh9,51450,,20.3436,0,CAM_DROP_PHY,7,9,51450,31277
veh9,51427,,20.3463,0,CAM_DROP_PHY,12,9,51427,31262
veh9,51464,20.3507,,0,CAM,9,,51464,-1
veh9,51468,,20.3553,0,CAM_DROP_PHY,6,9,51468,31305
veh9,699722455430,,20.3663,0,CPM_DROP_PHY,12,9,699722455430,31262
veh9,699722455464,,20.3701,0,CPM_DROP_PHY,4,9,699722455464,31337
veh9,699722455455,,20.3753,0,CPM_DROP_PHY,6,9,699722455455,31331
veh9,699722455485,,20.3898,0,CPM_DROP_PHY,8,9,699722455485,31373
veh9,699722455494,,20.4101,0,CPM_DROP_PHY,11,9,699722455494,31384
veh9,699722455690,,20.4176,0,CPM_DROP_PHY,2,9,699722455690,31403
veh9,699722455684,,20.4283,0,CPM_DROP_PHY,10,9,699722455684,31396
veh9,51722,,20.4301,0,CAM_DROP_PHY,4,9,51722,31419
veh9,51755,,20.4386,0,CAM_DROP_PHY,3,9,51755,31441
veh9,699722455713,,20.4408,0,CPM_DROP_PHY,5,9,699722455713,31424
veh9,699722455737,,20.4436,0,CPM_DROP_PHY,7,9,699722455737,31445
veh9,51742,,20.4463,0,CAM_DROP_PHY,12,9,51742,31429
veh9,51750,,20.4498,0,CAM_DROP_PHY,8,9,51750,31440
veh9,51782,20.4507,,0,CAM,9,,51782,-1
veh9,699722455735,,20.4586,0,CPM_DROP_PHY,3,9,699722455735,31441
veh9,699722455748,,20.4626,0,CPM_DROP_PHY,12,9,699722455748,31429
veh9,699722455781,,20.4701,0,CPM_DROP_PHY,4,9,699722455781,31510
veh9,699722455773,,20.4753,0,CPM_DROP_PHY,6,9,699722455773,31503
veh9,699722455803,,20.4898,0,CPM_DROP_PHY,8,9,699722455803,31548
veh9,51840,,20.4976,0,CAM_DROP_PHY,2,9,51840,31563
veh9,699722455812,,20.5101,0,CPM_DROP_PHY,11,9,699722455812,31559
veh9,699722455919,,20.5283,0,CPM_DROP_PHY,10,9,699722455919,31579
veh9,699722455961,,20.5386,0,CPM_DROP_PHY,3,9,699722455961,31613
veh9,699722455946,,20.5413,0,CPM_DROP_PHY,5,9,699722455946,31600
veh9,51974,,20.5426,0,CAM_DROP_PHY,12,9,51974,31603
veh9,699722455963,,20.5436,0,CPM_DROP_PHY,7,9,699722455963,31614
veh9,52008,20.5507,,0,CAM,9,,52008,-1
veh9,699722455974,,20.5626,0,CPM_DROP_PHY,12,9,699722455974,31627
veh9,699722456000,,20.5701,0,CPM_DROP_PHY,4,9,699722456000,31664
veh9,699722455995,,20.5728,0,CPM_DROP_PHY,6,9,699722455995,31659
veh9,699722456022,,20.5898,0,CPM_DROP_PHY,8,9,699722456022,31700
veh9,699722456031,,20.6101,0,CPM_DROP_PHY,11,9,699722456031,31711
veh9,52162,,20.6213,0,CAM_DROP_PHY,5,9,52162,31722
veh9,699722456189,,20.6386,0,CPM_DROP_PHY,3,9,699722456189,31767
veh9,699722456169,,20.6413,0,CPM_DROP_PHY,5,9,699722456169,31746
veh9,52198,,20.6426,0,CAM_DROP_PHY,12,9,52198,31750
veh9,699722456192,,20.6436,0,CPM_DROP_PHY,7,9,699722456192,31769
veh9,52224,,20.6436,0,CAM_DROP_PHY,7,9,52224,31769
veh9,52206,,20.6498,0,CAM_DROP_PHY,8,9,52206,31761
veh9,52240,20.6507,,0,CAM,9,,52240,-1
veh9,52245,,20.6528,0,CAM_DROP_PHY,6,9,52245,31810
veh9,699722456205,,20.6626,0,CPM_DROP_PHY,12,9,699722456205,31783
veh9,699722456232,,20.6728,0,CPM_DROP_PHY,6,9,699722456232,31832
veh9,699722456239,,20.6738,0,CPM_DROP_PHY,4,9,699722456239,31839
veh9,699722456263,,20.6898,0,CPM_DROP_PHY,8,9,699722456263,31876
veh9,52300,,20.6976,0,CAM_DROP_PHY,2,9,52300,31889
veh9,699722456272,,20.7101,0,CPM_DROP_PHY,11,9,699722456272,31885
veh9,52307,,20.7301,0,CAM_DROP_PHY,11,9,52307,31885
veh9,52418,,20.7338,0,CAM_DROP_PHY,4,9,52418,31925
veh9,52451,,20.7386,0,CAM_DROP_PHY,3,9,52451,31946
veh9,699722456411,,20.7413,0,CPM_DROP_PHY,5,9,699722456411,31928
veh9,52440,,20.7426,0,CAM_DROP_PHY,12,9,52440,31931
veh9,699722456435,,20.7436,0,CPM_DROP_PHY,7,9,699722456435,31952
veh9,52481,20.7507,,0,CAM,9,,52481,-1
veh9,699722456431,,20.7586,0,CPM_DROP_PHY,3,9,699722456431,31946
veh9,699722456447,,20.7626,0,CPM_DROP_PHY,12,9,699722456447,31969
veh9,699722456469,,20.7728,0,CPM_DROP_PHY,6,9,699722456469,32005
veh9,699722456478,,20.7738,0,CPM_DROP_PHY,4,9,699722456478,32012
veh9,699722456510,,20.8101,0,CPM_DROP_PHY,11,9,699722456510,32058
veh9,699722456719,,20.8176,0,CPM_DROP_PHY,2,9,699722456719,32079
veh9,699722456382,,20.8283,0,CPM_DROP_PHY,10,9,699722456382,31906
veh9,699722456761,,20.8386,0,CPM_DROP_PHY,3,9,699722456761,32116
veh9,699722456743,,20.8413,0,CPM_DROP_PHY,5,9,699722456743,32101
veh9,52772,,20.8426,0,CAM_DROP_PHY,12,9,52772,32105
veh9,699722456763,,20.8436,0,CPM_DROP_PHY,7,9,699722456763,32117
veh9,52779,,20.8498,0,CAM_DROP_PHY,8,9,52779,32112
veh9,52808,20.8507,,0,CAM,9,,52808,-1
veh9,699722456775,,20.8626,0,CPM_DROP_PHY,12,9,699722456775,32130
veh9,699722456798,,20.8728,0,CPM_DROP_PHY,6,9,699722456798,32168
veh9,699722456804,,20.8738,0,CPM_DROP_PHY,4,9,699722456804,32174
veh9,52861,,20.8976,0,CAM_DROP_PHY,2,9,52861,32219
veh9,699722456833,,20.9101,0,CPM_DROP_PHY,11,9,699722456833,32216
veh9,52963,,20.9213,0,CAM_DROP_PHY,5,9,52963,32232
veh9,699722456984,,20.9386,0,CPM_DROP_PHY,3,9,699722456984,32275
veh9,699722456970,,20.9413,0,CPM_DROP_PHY,5,9,699722456970,32257
veh9,699722456987,,20.9426,0,CPM_DROP_PHY,7,9,699722456987,32277
veh9,53035,20.9507,,0,CAM,9,,53035,-1
veh9,53040,,20.9528,0,CAM_DROP_PHY,6,9,53040,32313
veh9,53021,,20.9626,0,CAM_DROP_PHY,7,9,53021,32290
veh9,699722457001,,20.9626,0,CPM_DROP_PHY,12,9,699722457001,32292
veh9,699722457027,,20.9728,0,CPM_DROP_PHY,6,9,699722457027,32327
veh9,699722457034,,20.9738,0,CPM_DROP_PHY,4,9,699722457034,32335
veh9,699722457064,,21.0101,0,CPM_DROP_PHY,11,9,699722457064,32382
veh9,699722456943,,21.0283,0,CPM_DROP_PHY,10,9,699722456943,32233
veh9,53204,,21.0338,0,CAM_DROP_PHY,4,9,53204,32410
veh9,53227,,21.0388,0,CAM_DROP_PHY,12,9,53227,32415
veh9,699722457198,,21.0413,0,CPM_DROP_PHY,5,9,699722457198,32413
veh9,699722457222,,21.0426,0,CPM_DROP_PHY,7,9,699722457222,32435
veh9,53234,,21.0498,0,CAM_DROP_PHY,8,9,53234,32422
veh9,53268,21.0507,,0,CAM,9,,53268,-1
veh9,53239,,21.0538,0,CAM_DROP_PHY,3,9,53239,32428
veh9,699722457233,,21.0588,0,CPM_DROP_PHY,12,9,699722457233,32449
veh9,699722457258,,21.0728,0,CPM_DROP_PHY,6,9,699722457258,32493
veh9,699722457219,,21.0821,0,CPM_DROP_PHY,3,9,699722457219,32428
veh9,699722457287,,21.0898,0,CPM_DROP_PHY,8,9,699722457287,32542
veh9,53324,,21.0976,0,CAM_DROP_PHY,2,9,53324,32557
veh9,699722457296,,21.1101,0,CPM_DROP_PHY,11,9,699722457296,32552
veh9,699722457431,,21.1413,0,CPM_DROP_PHY,5,9,699722457431,32594
veh9,699722457448,,21.1426,0,CPM_DROP_PHY,7,9,699722457448,32609
veh9,53492,21.1507,,0,CAM,9,,53492,-1
veh9,699722457445,,21.1538,0,CPM_DROP_PHY,3,9,699722457445,32608
veh9,699722457458,,21.1588,0,CPM_DROP_PHY,12,9,699722457458,32619
veh9,699722457480,,21.1638,0,CPM_DROP_PHY,6,9,699722457480,32651
veh9,699722457517,,21.2101,0,CPM_DROP_PHY,11,9,699722457517,32700
veh9,699722457743,,21.2176,0,CPM_DROP_PHY,2,9,699722457743,32716
veh9,53755,,21.2213,0,CAM_DROP_PHY,5,9,53755,32709
veh9,53547,,21.2301,0,CAM_DROP_PHY,11,9,53547,32700
veh9,53801,,21.2388,0,CAM_DROP_PHY,12,9,53801,32748
veh9,699722457770,,21.2413,0,CPM_DROP_PHY,5,9,699722457770,32740
veh9,699722457795,,21.2426,0,CPM_DROP_PHY,7,9,699722457795,32770
veh9,53809,,21.2498,0,CAM_DROP_PHY,8,9,53809,32758
veh9,53844,21.2507,,0,CAM,9,,53844,-1
veh9,699722457791,,21.2538,0,CPM_DROP_PHY,3,9,699722457791,32769
veh9,699722457809,,21.2588,0,CPM_DROP_PHY,12,9,699722457809,32783
veh9,53828,,21.2626,0,CAM_DROP_PHY,7,9,53828,32782
veh9,53848,,21.2638,0,CAM_DROP_PHY,6,9,53848,32809
veh9,699722457489,,21.2738,0,CPM_DROP_PHY,4,9,699722457489,32659
veh9,699722457845,,21.2738,0,CPM_DROP_PHY,4,9,699722457845,32837
veh9,699722457837,,21.2838,0,CPM_DROP_PHY,6,9,699722457837,32809
veh9,53903,,21.3071,0,CAM_DROP_PHY,2,9,53903,32893
veh9,699722457736,,21.3283,0,CPM_DROP_PHY,10,9,699722457736,32710
veh9,54026,,21.3338,0,CAM_DROP_PHY,4,9,54026,32927
veh9,699722457875,,21.3358,0,CPM_DROP_PHY,11,9,699722457875,32888
veh9,699722458023,,21.3413,0,CPM_DROP_PHY,5,9,699722458023,32930
veh9,699722458043,,21.3426,0,CPM_DROP_PHY,7,9,699722458043,32954
veh9,54089,21.3507,,0,CAM,9,,54089,-1
veh9,54059,,21.3538,0,CAM_DROP_PHY,3,9,54059,32949
veh9,699722458055,,21.3588,0,CPM_DROP_PHY,12,9,699722458055,32968
veh9,699722458078,,21.3638,0,CPM_DROP_PHY,6,9,699722458078,33001
veh9,699722458040,,21.3821,0,CPM_DROP_PHY,3,9,699722458040,32949
veh9,699722458117,,21.3991,0,CPM_DROP_PHY,11,9,699722458117,33059
veh9,54296,,21.4316,0,CAM_DROP_PHY,8,9,54296,33101
veh9,699722458263,,21.4413,0,CPM_DROP_PHY,5,9,699722458263,33093
veh9,699722458283,,21.4426,0,CPM_DROP_PHY,7,9,699722458283,33115
veh9,54328,21.4507,,0,CAM,9,,54328,-1
veh9,699722458280,,21.4538,0,CPM_DROP_PHY,3,9,699722458280,33114
veh9,699722458294,,21.4588,0,CPM_DROP_PHY,12,9,699722458294,33126
veh9,699722458316,,21.4638,0,CPM_DROP_PHY,6,9,699722458316,33158
veh9,699722458344,,21.4916,0,CPM_DROP_PHY,8,9,699722458344,33201
veh9,699722458353,,21.4991,0,CPM_DROP_PHY,11,9,699722458353,33210
veh9,54382,,21.5071,0,CAM_DROP_PHY,2,9,54382,33216
veh9,54491,,21.5213,0,CAM_DROP_PHY,5,9,54491,33230
veh9,699722458502,,21.5413,0,CPM_DROP_PHY,5,9,699722458502,33253
veh9,699722458519,,21.5426,0,CPM_DROP_PHY,7,9,699722458519,33274
veh9,54565,21.5507,,0,CAM,9,,54565,-1
veh9,699722458516,,21.5538,0,CPM_DROP_PHY,3,9,699722458516,33273
veh9,699722458532,,21.5588,0,CPM_DROP_PHY,12,9,699722458532,33285
veh9,54552,,21.5626,0,CAM_DROP_PHY,7,9,54552,33284
veh9,54569,,21.5638,0,CAM_DROP_PHY,6,9,54569,33305
veh9,699722458323,,21.5738,0,CPM_DROP_PHY,4,9,699722458323,33165
veh9,699722458566,,21.5738,0,CPM_DROP_PHY,4,9,699722458566,33328
veh9,699722458557,,21.5838,0,CPM_DROP_PHY,6,9,699722458557,33305
veh9,699722458595,,21.5991,0,CPM_DROP_PHY,11,9,699722458595,33379
veh9,54625,,21.5991,0,CAM_DROP_PHY,11,9,54625,33379
veh9,54846,,21.6271,0,CAM_DROP_PHY,4,9,54846,33410
veh9,699722458814,,21.6271,0,CPM_DROP_PHY,2,9,699722458814,33397
veh9,54880,,21.6316,0,CAM_DROP_PHY,8,9,54880,33427
veh9,54872,,21.6388,0,CAM_DROP_PHY,12,9,54872,33424
veh9,699722458842,,21.6413,0,CPM_DROP_PHY,5,9,699722458842,33413
veh9,699722458870,,21.6426,0,CPM_DROP_PHY,7,9,699722458870,33446
veh9,699722458810,,21.6471,0,CPM_DROP_PHY,10,9,699722458810,33395
veh9,54916,21.6507,,0,CAM,9,,54916,-1
veh9,54886,,21.6538,0,CAM_DROP_PHY,3,9,54886,33442
veh9,699722458882,,21.6588,0,CPM_DROP_PHY,12,9,699722458882,33463
veh9,699722458905,,21.6638,0,CPM_DROP_PHY,6,9,699722458905,33505
veh9,699722458912,,21.6671,0,CPM_DROP_PHY,4,9,699722458912,33514
veh9,699722458867,,21.6738,0,CPM_DROP_PHY,3,9,699722458867,33442
veh9,699722458940,,21.6991,0,CPM_DROP_PHY,11,9,699722458940,33557
veh9,54968,,21.7071,0,CAM_DROP_PHY,2,9,54968,33559
veh9,699722459086,,21.7413,0,CPM_DROP_PHY,5,9,699722459086,33592
veh9,699722459105,,21.7426,0,CPM_DROP_PHY,7,9,699722459105,33608
veh9,55150,21.7507,,0,CAM,9,,55150,-1
veh9,699722459102,,21.7538,0,CPM_DROP_PHY,3,9,699722459102,33607
veh9,699722459116,,21.7588,0,CPM_DROP_PHY,12,9,699722459116,33618
veh9,699722459140,,21.7638,0,CPM_DROP_PHY,6,9,699722459140,33654
veh9,699722459147,,21.7671,0,CPM_DROP_PHY,4,9,699722459147,33663
veh9,699722459173,,21.7991,0,CPM_DROP_PHY,11,9,699722459173,33699
veh9,55311,,21.8128,0,CAM_DROP_PHY,5,9,55311,33711
veh9,55359,,21.8316,0,CAM_DROP_PHY,8,9,55359,33743
veh9,699722459325,,21.8328,0,CPM_DROP_PHY,5,9,699722459325,33731
veh9,699722459349,,21.8426,0,CPM_DROP_PHY,7,9,699722459349,33760
veh9,55393,21.8507,,0,CAM,9,,55393,-1
veh9,55365,,21.8538,0,CAM_DROP_PHY,3,9,55365,33756
veh9,699722459360,,21.8588,0,CPM_DROP_PHY,12,9,699722459360,33768
veh9,55380,,21.8626,0,CAM_DROP_PHY,7,9,55380,33767
veh9,55397,,21.8638,0,CAM_DROP_PHY,6,9,55397,33782
veh9,699722459392,,21.8671,0,CPM_DROP_PHY,4,9,699722459392,33811
veh9,699722459346,,21.8738,0,CPM_DROP_PHY,3,9,699722459346,33756
veh9,699722459385,,21.8838,0,CPM_DROP_PHY,6,9,699722459385,33782
veh9,699722459415,,21.8951,0,CPM_DROP_PHY,8,9,699722459415,33855
veh9,699722459424,,21.8991,0,CPM_DROP_PHY,11,9,699722459424,33868
veh9,55453,,21.9071,0,CAM_DROP_PHY,2,9,55453,33875
veh9,55572,,21.9271,0,CAM_DROP_PHY,4,9,55572,33908
veh9,699722459592,,21.9426,0,CPM_DROP_PHY,7,9,699722459592,33935
veh9,699722459571,,21.9501,0,CPM_DROP_PHY,5,9,699722459571,33910
veh9,55635,21.9507,,0,CAM,9,,55635,-1
veh9,55608,,21.9538,0,CAM_DROP_PHY,3,9,55608,33933
veh9,699722459601,,21.9588,0,CPM_DROP_PHY,12,9,699722459601,33942
veh9,699722459624,,21.9638,0,CPM_DROP_PHY,6,9,699722459624,33973
veh9,699722459633,,21.9671,0,CPM_DROP_PHY,4,9,699722459633,33983
veh9,699722459589,,21.9738,0,CPM_DROP_PHY,3,9,699722459589,33933
veh9,699722459666,,21.9991,0,CPM_DROP_PHY,11,9,699722459666,34037
veh9,699722459878,,22.0271,0,CPM_DROP_PHY,2,9,699722459878,34054
veh9,55940,,22.0316,0,CAM_DROP_PHY,8,9,55940,34080
veh9,699722459906,,22.0328,0,CPM_DROP_PHY,5,9,699722459906,34070
veh9,699722459930,,22.0426,0,CPM_DROP_PHY,7,9,699722459930,34098
veh9,55974,22.0507,,0,CAM,9,,55974,-1
veh9,55947,,22.0538,0,CAM_DROP_PHY,3,9,55947,34094
veh9,699722459940,,22.0588,0,CPM_DROP_PHY,12,9,699722459940,34108
veh9,699722459963,,22.0638,0,CPM_DROP_PHY,6,9,699722459963,34140
veh9,699722459971,,22.0671,0,CPM_DROP_PHY,4,9,699722459971,34149
veh9,699722459927,,22.0738,0,CPM_DROP_PHY,3,9,699722459927,34094
veh9,699722459998,,22.0991,0,CPM_DROP_PHY,11,9,699722459998,34193
veh9,56030,,22.0991,0,CAM_DROP_PHY,11,9,56030,34193
veh9,55674,,22.1071,0,CAM_DROP_PHY,10,9,55674,34017
veh9,56026,,22.1071,0,CAM_DROP_PHY,2,9,56026,34195
veh9,56136,,22.1128,0,CAM_DROP_PHY,5,9,56136,34209
veh9,699722460150,,22.1328,0,CPM_DROP_PHY,5,9,699722460150,34232
veh9,56180,,22.1388,0,CAM_DROP_PHY,12,9,56180,34242
veh9,699722460173,,22.1426,0,CPM_DROP_PHY,7,9,699722460173,34256
veh9,56220,22.1507,,0,CAM,9,,56220,-1
veh9,56190,,22.1538,0,CAM_DROP_PHY,3,9,56190,34254
veh9,699722460187,,22.1588,0,CPM_DROP_PHY,12,9,699722460187,34265
veh9,56206,,22.1626,0,CAM_DROP_PHY,7,9,56206,34264
veh9,56224,,22.1638,0,CAM_DROP_PHY,6,9,56224,34283
veh9,699722460219,,22.1671,0,CPM_DROP_PHY,4,9,699722460219,34313
veh9,699722460170,,22.1738,0,CPM_DROP_PHY,3,9,699722460170,34254
veh9,699722460212,,22.1838,0,CPM_DROP_PHY,6,9,699722460212,34283
veh9,699722460249,,22.1991,0,CPM_DROP_PHY,11,9,699722460249,34366
veh9,56397,,22.2271,0,CAM_DROP_PHY,4,9,56397,34395
veh9,699722460420,,22.2426,0,CPM_DROP_PHY,7,9,699722460420,34422
veh9,56431,,22.2468,0,CAM_DROP_PHY,8,9,56431,34409
veh9,699722460397,,22.2501,0,CPM_DROP_PHY,5,9,699722460397,34397
veh9,56467,22.2507,,0,CAM,9,,56467,-1
veh9,56437,,22.2538,0,CAM_DROP_PHY,3,9,56437,34420
veh9,699722460432,,22.2588,0,CPM_DROP_PHY,12,9,699722460432,34429
veh9,699722460457,,22.2638,0,CPM_DROP_PHY,6,9,699722460457,34467
veh9,699722460464,,22.2671,0,CPM_DROP_PHY,4,9,699722460464,34476
veh9,699722460417,,22.2738,0,CPM_DROP_PHY,3,9,699722460417,34420
veh9,699722460484,,22.2868,0,CPM_DROP_PHY,8,9,699722460484,34513
veh9,699722460494,,22.2991,0,CPM_DROP_PHY,11,9,699722460494,34525
veh9,56522,,22.3071,0,CAM_DROP_PHY,2,9,56522,34530
veh9,699722460362,,22.3271,0,CPM_DROP_PHY,10,9,699722460362,34381
veh9,699722460636,,22.3328,0,CPM_DROP_PHY,5,9,699722460636,34562
veh9,699722460653,,22.3406,0,CPM_DROP_PHY,7,9,699722460653,34580
veh9,56697,22.3507,,0,CAM,9,,56697,-1
veh9,699722460650,,22.3538,0,CPM_DROP_PHY,3,9,699722460650,34579
veh9,699722460663,,22.3588,0,CPM_DROP_PHY,12,9,699722460663,34587
veh9,699722460686,,22.3638,0,CPM_DROP_PHY,6,9,699722460686,34618
veh9,699722460695,,22.3671,0,CPM_DROP_PHY,4,9,699722460695,34627
veh9,699722460722,,22.3991,0,CPM_DROP_PHY,11,9,699722460722,34671
veh9,56957,,22.4128,0,CAM_DROP_PHY,5,9,56957,34683
veh9,699722460943,,22.4271,0,CPM_DROP_PHY,2,9,699722460943,34685
veh9,699722460972,,22.4328,0,CPM_DROP_PHY,5,9,699722460972,34703
veh9,57012,,22.4351,0,CAM_DROP_PHY,3,9,57012,34726
veh9,699722460996,,22.4406,0,CPM_DROP_PHY,7,9,699722460996,34732
veh9,57006,,22.4468,0,CAM_DROP_PHY,8,9,57006,34718
veh9,57045,22.4507,,0,CAM,9,,57045,-1
veh9,699722461011,,22.4543,0,CPM_DROP_PHY,12,9,699722461011,34746
veh9,699722460993,,22.4551,0,CPM_DROP_PHY,3,9,699722460993,34731
veh9,57030,,22.4606,0,CAM_DROP_PHY,7,9,57030,34743
veh9,57049,,22.4638,0,CAM_DROP_PHY,6,9,57049,34766
veh9,699722461047,,22.4671,0,CPM_DROP_PHY,4,9,699722461047,34804
veh9,699722461039,,22.4838,0,CPM_DROP_PHY,6,9,699722461039,34766
veh9,699722461074,,22.4996,0,CPM_DROP_PHY,11,9,699722461074,34843
veh9,57102,,22.5068,0,CAM_DROP_PHY,2,9,57102,34848
veh9,699722460938,,22.5271,0,CPM_DROP_PHY,10,9,699722460938,34684
veh9,57221,,22.5271,0,CAM_DROP_PHY,4,9,57221,34879
veh9,699722461240,,22.5406,0,CPM_DROP_PHY,7,9,699722461240,34906
veh9,699722461222,,22.5501,0,CPM_DROP_PHY,5,9,699722461222,34881
veh9,57283,22.5507,,0,CAM,9,,57283,-1
veh9,699722461249,,22.5543,0,CPM_DROP_PHY,12,9,699722461249,34913
veh9,699722461237,,22.5551,0,CPM_DROP_PHY,3,9,699722461237,34905
veh9,699722461279,,22.5671,0,CPM_DROP_PHY,4,9,699722461279,34954
veh9,699722461273,,22.5698,0,CPM_DROP_PHY,6,9,699722461273,34946
veh9,699722461309,,22.5996,0,CPM_DROP_PHY,11,9,699722461309,34989
veh9,699722461454,,22.6328,0,CPM_DROP_PHY,5,9,699722461454,35025
veh9,699722461473,,22.6406,0,CPM_DROP_PHY,7,9,699722461473,35042
veh9,57487,,22.6468,0,CAM_DROP_PHY,8,9,57487,35033
veh9,57519,22.6507,,0,CAM,9,,57519,-1
veh9,699722461484,,22.6543,0,CPM_DROP_PHY,12,9,699722461484,35049
veh9,699722461471,,22.6551,0,CPM_DROP_PHY,3,9,699722461471,35041
veh9,699722461516,,22.6671,0,CPM_DROP_PHY,4,9,699722461516,35097
veh9,699722461509,,22.6698,0,CPM_DROP_PHY,6,9,699722461509,35089
veh9,699722461535,,22.6868,0,CPM_DROP_PHY,8,9,699722461535,35125
veh9,699722461545,,22.6996,0,CPM_DROP_PHY,11,9,699722461545,35136
veh9,57579,,22.6996,0,CAM_DROP_PHY,11,9,57579,35136
veh9,57574,,22.7068,0,CAM_DROP_PHY,2,9,57574,35143
veh9,57680,,22.7128,0,CAM_DROP_PHY,5,9,57680,35156
veh9,699722461421,,22.7166,0,CPM_DROP_PHY,10,9,699722461421,35009
veh9,699722461661,,22.7248,0,CPM_DROP_PHY,10,9,699722461661,35157
veh9,699722461695,,22.7328,0,CPM_DROP_PHY,5,9,699722461695,35180
veh9,57725,,22.7343,0,CAM_DROP_PHY,12,9,57725,35189
veh9,57737,,22.7351,0,CAM_DROP_PHY,3,9,57737,35200
veh9,699722461722,,22.7406,0,CPM_DROP_PHY,7,9,699722461722,35209
veh9,57732,,22.7468,0,CAM_DROP_PHY,8,9,57732,35194
veh9,57775,22.7507,,0,CAM,9,,57775,-1
veh9,699722461737,,22.7543,0,CPM_DROP_PHY,12,9,699722461737,35222
veh9,699722461719,,22.7551,0,CPM_DROP_PHY,3,9,699722461719,35208
veh9,57756,,22.7606,0,CAM_DROP_PHY,7,9,57756,35219
veh9,57779,,22.7698,0,CAM_DROP_PHY,6,9,57779,35244
veh9,699722461778,,22.7856,0,CPM_DROP_PHY,4,9,699722461778,35281
veh9,699722461769,,22.7898,0,CPM_DROP_PHY,6,9,699722461769,35244
veh9,699722461808,,22.7996,0,CPM_DROP_PHY,11,9,699722461808,35327
veh9,699722462014,,22.8248,0,CPM_DROP_PHY,10,9,699722462014,35344
veh9,58050,,22.8256,0,CAM_DROP_PHY,4,9,58050,35359
veh9,699722462019,,22.8268,0,CPM_DROP_PHY,2,9,699722462019,35346
veh9,699722462050,,22.8328,0,CPM_DROP_PHY,5,9,699722462050,35362
veh9,699722462073,,22.8406,0,CPM_DROP_PHY,7,9,699722462073,35390
veh9,58087,,22.8468,0,CAM_DROP_PHY,8,9,58087,35379
veh9,58119,22.8507,,0,CAM,9,,58119,-1
veh9,699722462084,,22.8543,0,CPM_DROP_PHY,12,9,699722462084,35399
veh9,699722462071,,22.8551,0,CPM_DROP_PHY,3,9,699722462071,35389
veh9,699722462111,,22.8698,0,CPM_DROP_PHY,6,9,699722462111,35440
veh9,699722462118,,22.8856,0,CPM_DROP_PHY,4,9,699722462118,35449
veh9,699722462147,,22.8996,0,CPM_DROP_PHY,11,9,699722462147,35481
veh9,58175,,22.9068,0,CAM_DROP_PHY,2,9,58175,35485
veh9,699722462251,,22.9166,0,CPM_DROP_PHY,10,9,699722462251,35498
veh9,58286,,22.9256,0,CAM_DROP_PHY,4,9,58286,35515
veh9,699722462287,,22.9328,0,CPM_DROP_PHY,5,9,699722462287,35518
veh9,699722462308,,22.9406,0,CPM_DROP_PHY,7,9,699722462308,35543
veh9,699722462318,,22.9446,0,CPM_DROP_PHY,12,9,699722462318,35550
veh9,58322,,22.9468,0,CAM_DROP_PHY,8,9,58322,35535
veh9,58354,22.9507,,0,CAM,9,,58354,-1
veh9,699722462305,,22.9551,0,CPM_DROP_PHY,3,9,699722462305,35542
veh9,699722462343,,22.9698,0,CPM_DROP_PHY,6,9,699722462343,35592
veh9,699722462350,,22.9856,0,CPM_DROP_PHY,4,9,699722462350,35602
veh9,699722462376,,22.9996,0,CPM_DROP_PHY,11,9,699722462376,35632
veh9,58501,,23.0128,0,CAM_DROP_PHY,5,9,58501,35646
veh9,699722462482,,23.0248,0,CPM_DROP_PHY,10,9,699722462482,35647
veh9,58517,,23.0256,0,CAM_DROP_PHY,4,9,58517,35663
veh9,699722462518,,23.0328,0,CPM_DROP_PHY,5,9,699722462518,35666
veh9,58559,,23.0351,0,CAM_DROP_PHY,3,9,58559,35691
veh9,699722462543,,23.0406,0,CPM_DROP_PHY,7,9,699722462543,35697
veh9,699722462556,,23.0446,0,CPM_DROP_PHY,12,9,699722462556,35709
veh9,58553,,23.0468,0,CAM_DROP_PHY,8,9,58553,35686
veh9,58592,23.0507,,0,CAM,9,,58592,-1
veh9,699722462540,,23.0551,0,CPM_DROP_PHY,3,9,699722462540,35696
veh9,58576,,23.0606,0,CAM_DROP_PHY,7,9,58576,35706
veh9,58596,,23.0698,0,CAM_DROP_PHY,6,9,58596,35736
veh9,699722462592,,23.0856,0,CPM_DROP_PHY,4,9,699722462592,35767
veh9,699722462611,,23.0868,0,CPM_DROP_PHY,8,9,699722462611,35792
veh9,699722462585,,23.0898,0,CPM_DROP_PHY,6,9,699722462585,35736
veh9,699722462622,,23.0996,0,CPM_DROP_PHY,11,9,699722462622,35808
veh9,58651,,23.1068,0,CAM_DROP_PHY,2,9,58651,35819
veh9,699722462734,,23.1248,0,CPM_DROP_PHY,10,9,699722462734,35832
veh9,58768,,23.1256,0,CAM_DROP_PHY,4,9,58768,35849
veh9,699722462768,,23.1328,0,CPM_DROP_PHY,5,9,699722462768,35853
veh9,699722462789,,23.1406,0,CPM_DROP_PHY,7,9,699722462789,35877
veh9,58804,,23.1411,0,CAM_DROP_PHY,8,9,58804,35869
veh9,699722462800,,23.1446,0,CPM_DROP_PHY,12,9,699722462800,35887
veh9,58835,23.1507,,0,CAM,9,,58835,-1
veh9,699722462786,,23.1551,0,CPM_DROP_PHY,3,9,699722462786,35876
veh9,699722462823,,23.1698,0,CPM_DROP_PHY,6,9,699722462823,35927
veh9,699722462832,,23.1856,0,CPM_DROP_PHY,4,9,699722462832,35938
veh9,699722462862,,23.1996,0,CPM_DROP_PHY,11,9,699722462862,35975
veh9,58870,,23.2048,0,CAM_DROP_PHY,10,9,58870,35955
veh9,699722463070,,23.2166,0,CPM_DROP_PHY,10,9,699722463070,35996
veh9,59107,,23.2256,0,CAM_DROP_PHY,4,9,59107,36010
veh9,699722463075,,23.2268,0,CPM_DROP_PHY,2,9,699722463075,35998
veh9,699722463107,,23.2328,0,CPM_DROP_PHY,5,9,699722463107,36014
veh9,699722463128,,23.2406,0,CPM_DROP_PHY,7,9,699722463128,36041
veh9,59142,,23.2411,0,CAM_DROP_PHY,8,9,59142,36031
veh9,699722463139,,23.2446,0,CPM_DROP_PHY,12,9,699722463139,36053
veh9,59176,23.2507,,0,CAM,9,,59176,-1
veh9,699722463125,,23.2551,0,CPM_DROP_PHY,3,9,699722463125,36040
veh9,699722463168,,23.2698,0,CPM_DROP_PHY,6,9,699722463168,36094
veh9,699722463175,,23.2856,0,CPM_DROP_PHY,4,9,699722463175,36104
veh9,699722463202,,23.2978,0,CPM_DROP_PHY,11,9,699722463202,36133
veh9,59230,,23.3068,0,CAM_DROP_PHY,2,9,59230,36137
veh9,59328,,23.3173,0,CAM_DROP_PHY,5,9,59328,36154
veh9,59235,,23.3178,0,CAM_DROP_PHY,11,9,59235,36143
veh9,699722463309,,23.3248,0,CPM_DROP_PHY,10,9,699722463309,36155
veh9,59382,,23.3351,0,CAM_DROP_PHY,3,9,59382,36198
veh9,699722463341,,23.3373,0,CPM_DROP_PHY,5,9,699722463341,36178
veh9,59372,,23.3446,0,CAM_DROP_PHY,12,9,59372,36191
veh9,59415,23.3507,,0,CAM,9,,59415,-1
veh9,699722463367,,23.3526,0,CPM_DROP_PHY,7,9,699722463367,36204
veh9,699722463364,,23.3551,0,CPM_DROP_PHY,3,9,699722463364,36203
veh9,59419,,23.3698,0,CAM_DROP_PHY,6,9,59419,36235
veh9,699722463416,,23.3698,0,CPM_DROP_PHY,4,9,699722463416,36266
veh9,59399,,23.3726,0,CAM_DROP_PHY,7,9,59399,36204
veh9,699722463408,,23.3898,0,CPM_DROP_PHY,6,9,699722463408,36235
veh9,699722463446,,23.3978,0,CPM_DROP_PHY,11,9,699722463446,36313
veh9,699722463543,,23.4166,0,CPM_DROP_PHY,10,9,699722463543,36333
veh9,59578,,23.4298,0,CAM_DROP_PHY,4,9,59578,36345
veh9,699722463577,,23.4373,0,CPM_DROP_PHY,5,9,699722463577,36348
veh9,59615,,23.4411,0,CAM_DROP_PHY,8,9,59615,36360
veh9,699722463597,,23.4493,0,CPM_DROP_PHY,3,9,699722463597,36364
veh9,59651,23.4507,,0,CAM,9,,59651,-1
veh9,699722463601,,23.4526,0,CPM_DROP_PHY,7,9,699722463601,36367
veh9,699722463641,,23.4698,0,CPM_DROP_PHY,6,9,699722463641,36419
veh9,699722463648,,23.4698,0,CPM_DROP_PHY,4,9,699722463648,36428
veh9,699722463678,,23.4978,0,CPM_DROP_PHY,11,9,699722463678,36462
veh9,699722463669,,23.5011,0,CPM_DROP_PHY,8,9,699722463669,36457
veh9,59706,,23.5058,0,CAM_DROP_PHY,2,9,59706,36465
veh9,699722463784,,23.5166,0,CPM_DROP_PHY,10,9,699722463784,36488
veh9,699722463815,,23.5373,0,CPM_DROP_PHY,5,9,699722463815,36506
veh9,699722463615,,23.5446,0,CPM_DROP_PHY,12,9,699722463615,36378
veh9,699722463843,,23.5446,0,CPM_DROP_PHY,12,9,699722463843,36526
veh9,699722463828,,23.5493,0,CPM_DROP_PHY,3,9,699722463828,36517
veh9,59878,23.5507,,0,CAM,9,,59878,-1
veh9,699722463831,,23.5526,0,CPM_DROP_PHY,7,9,699722463831,36518
veh9,699722463869,,23.5698,0,CPM_DROP_PHY,6,9,699722463869,36563
veh9,699722463878,,23.5698,0,CPM_DROP_PHY,4,9,699722463878,36572
veh9,699722463909,,23.5978,0,CPM_DROP_PHY,11,9,699722463909,36613
veh9,60123,,23.6173,0,CAM_DROP_PHY,5,9,60123,36628
veh9,699722464109,,23.6258,0,CPM_DROP_PHY,2,9,699722464109,36633
veh9,699722464103,,23.6271,0,CPM_DROP_PHY,10,9,699722464103,36629
veh9,60140,,23.6298,0,CAM_DROP_PHY,4,9,60140,36641
veh9,699722464138,,23.6373,0,CPM_DROP_PHY,5,9,699722464138,36644
veh9,60177,,23.6493,0,CAM_DROP_PHY,3,9,60177,36669
veh9,60210,23.6507,,0,CAM,9,,60210,-1
veh9,699722464176,,23.6526,0,CPM_DROP_PHY,12,9,699722464176,36687
veh9,699722464158,,23.6693,0,CPM_DROP_PHY,3,9,699722464158,36669
veh9,60214,,23.6698,0,CAM_DROP_PHY,6,9,60214,36702
veh9,699722464210,,23.6698,0,CPM_DROP_PHY,4,9,699722464210,36732
veh9,699722464203,,23.6783,0,CPM_DROP_PHY,6,9,699722464203,36702
veh9,699722464244,,23.6978,0,CPM_DROP_PHY,11,9,699722464244,36789
veh9,60273,,23.7058,0,CAM_DROP_PHY,2,9,60273,36791
veh9,699722464342,,23.7271,0,CPM_DROP_PHY,10,9,699722464342,36808
veh9,699722464372,,23.7373,0,CPM_DROP_PHY,5,9,699722464372,36822
veh9,60407,,23.7411,0,CAM_DROP_PHY,8,9,60407,36833
veh9,699722464390,,23.7493,0,CPM_DROP_PHY,3,9,699722464390,36837
veh9,60439,23.7507,,0,CAM,9,,60439,-1
veh9,699722464404,,23.7526,0,CPM_DROP_PHY,12,9,699722464404,36848
veh9,699722464439,,23.7698,0,CPM_DROP_PHY,4,9,699722464439,36897
veh9,699722464431,,23.7783,0,CPM_DROP_PHY,6,9,699722464431,36886
veh9,60480,,23.7871,0,CAM_DROP_PHY,10,9,60480,36921
veh9,699722464473,,23.7978,0,CPM_DROP_PHY,11,9,699722464473,36939
veh9,699722464566,,23.8271,0,CPM_DROP_PHY,10,9,699722464566,36955
veh9,699722464595,,23.8373,0,CPM_DROP_PHY,5,9,699722464595,36965
veh9,699722464610,,23.8493,0,CPM_DROP_PHY,3,9,699722464610,36979
veh9,60657,23.8507,,0,CAM,9,,60657,-1
veh9,699722464623,,23.8526,0,CPM_DROP_PHY,12,9,699722464623,36988
veh9,699722464656,,23.8698,0,CPM_DROP_PHY,4,9,699722464656,37032
veh9,699722464648,,23.8783,0,CPM_DROP_PHY,6,9,699722464648,37021
veh9,699722464689,,23.8978,0,CPM_DROP_PHY,11,9,699722464689,37068
veh9,699722464679,,23.9011,0,CPM_DROP_PHY,8,9,699722464679,37061
veh9,60718,,23.9058,0,CAM_DROP_PHY,2,9,60718,37070
veh9,60812,,23.9173,0,CAM_DROP_PHY,5,9,60812,37095
veh9,60724,,23.9178,0,CAM_DROP_PHY,11,9,60724,37077
veh9,699722464793,,23.9271,0,CPM_DROP_PHY,10,9,699722464793,37096
veh9,60828,,23.9298,0,CAM_DROP_PHY,4,9,60828,37114
veh9,60858,,23.9326,0,CAM_DROP_PHY,12,9,60858,37128
veh9,699722464827,,23.9373,0,CPM_DROP_PHY,5,9,699722464827,37117
veh9,60870,,23.9493,0,CAM_DROP_PHY,3,9,60870,37145
veh9,60903,23.9507,,0,CAM,9,,60903,-1
veh9,699722464867,,23.9526,0,CPM_DROP_PHY,12,9,699722464867,37162
veh9,60907,,23.9583,0,CAM_DROP_PHY,6,9,60907,37179
veh9,699722464851,,23.9693,0,CPM_DROP_PHY,3,9,699722464851,37145
veh9,699722464907,,23.9698,0,CPM_DROP_PHY,4,9,699722464907,37217
veh9,699722464896,,23.9783,0,CPM_DROP_PHY,6,9,699722464896,37202
veh9,699722464942,,23.9978,0,CPM_DROP_PHY,11,9,699722464942,37274
veh9,61153,,24.0173,0,CAM_DROP_PHY,5,9,61153,37289
veh9,699722465139,,24.0258,0,CPM_DROP_PHY,2,9,699722465139,37293
veh9,699722465134,,24.0271,0,CPM_DROP_PHY,10,9,699722465134,37290
veh9,61200,,24.0411,0,CAM_DROP_PHY,8,9,61200,37322
veh9,699722465182,,24.0493,0,CPM_DROP_PHY,3,9,699722465182,37327
veh9,61234,24.0507,,0,CAM,9,,61234,-1
veh9,699722465197,,24.0526,0,CPM_DROP_PHY,12,9,699722465197,37341
veh9,699722465163,,24.0573,0,CPM_DROP_PHY,5,9,699722465163,37304
veh9,699722465233,,24.0698,0,CPM_DROP_PHY,4,9,699722465233,37390
veh9,699722465224,,24.0783,0,CPM_DROP_PHY,6,9,699722465224,37378
veh9,699722465264,,24.0978,0,CPM_DROP_PHY,11,9,699722465264,37433
veh9,61293,,24.1058,0,CAM_DROP_PHY,2,9,61293,37434
veh9,61382,,24.1173,0,CAM_DROP_PHY,5,9,61382,37453
veh9,699722465364,,24.1271,0,CPM_DROP_PHY,10,9,699722465364,37454
veh9,699722465391,,24.1373,0,CPM_DROP_PHY,5,9,699722465391,37469
veh9,61428,,24.1473,0,CAM_DROP_PHY,3,9,61428,37487
veh9,61457,24.1507,,0,CAM,9,,61457,-1
veh9,699722465423,,24.1526,0,CPM_DROP_PHY,12,9,699722465423,37497
veh9,699722465409,,24.1673,0,CPM_DROP_PHY,3,9,699722465409,37487
veh9,699722465455,,24.1698,0,CPM_DROP_PHY,4,9,699722465455,37537
veh9,699722465446,,24.1783,0,CPM_DROP_PHY,6,9,699722465446,37527
veh9,699722465491,,24.1978,0,CPM_DROP_PHY,11,9,699722465491,37584
veh9,61605,,24.2173,0,CAM_DROP_PHY,5,9,61605,37601
veh9,61622,,24.2218,0,CAM_DROP_PHY,4,9,61622,37610
veh9,699722465588,,24.2271,0,CPM_DROP_PHY,10,9,699722465588,37602
veh9,699722465617,,24.2373,0,CPM_DROP_PHY,5,9,699722465617,37616
veh9,61655,,24.2473,0,CAM_DROP_PHY,3,9,61655,37635
veh9,61688,24.2507,,0,CAM,9,,61688,-1
veh9,699722465653,,24.2526,0,CPM_DROP_PHY,12,9,699722465653,37650
veh9,61692,,24.2583,0,CAM_DROP_PHY,6,9,61692,37665
veh9,699722465637,,24.2673,0,CPM_DROP_PHY,3,9,699722465637,37635
veh9,699722465683,,24.2783,0,CPM_DROP_PHY,6,9,699722465683,37683
veh9,699722465695,,24.2818,0,CPM_DROP_PHY,4,9,699722465695,37698
veh9,699722465723,,24.3011,0,CPM_DROP_PHY,8,9,699722465723,37740
veh9,61762,,24.3058,0,CAM_DROP_PHY,2,9,61762,37755
veh9,699722465733,,24.3081,0,CPM_DROP_PHY,11,9,699722465733,37751
veh9,61845,,24.3173,0,CAM_DROP_PHY,5,9,61845,37774
veh9,699722465827,,24.3271,0,CPM_DROP_PHY,10,9,699722465827,37779
veh9,61890,,24.3411,0,CAM_DROP_PHY,8,9,61890,37813
veh9,61895,,24.3473,0,CAM_DROP_PHY,3,9,61895,37816
veh9,61925,24.3507,,0,CAM,9,,61925,-1
veh9,699722465890,,24.3526,0,CPM_DROP_PHY,12,9,699722465890,37828
veh9,699722465855,,24.3573,0,CPM_DROP_PHY,5,9,699722465855,37796
veh9,699722465876,,24.3673,0,CPM_DROP_PHY,3,9,699722465876,37816
veh9,699722465917,,24.3723,0,CPM_DROP_PHY,6,9,699722465917,37864
veh9,699722465927,,24.3818,0,CPM_DROP_PHY,4,9,699722465927,37878
veh9,61975,,24.3871,0,CAM_DROP_PHY,10,9,61975,37906
veh9,699722465970,,24.4081,0,CPM_DROP_PHY,11,9,699722465970,37933
veh9,62180,,24.4173,0,CAM_DROP_PHY,5,9,62180,37945
veh9,699722466169,,24.4258,0,CPM_DROP_PHY,2,9,699722466169,37951
veh9,699722466163,,24.4271,0,CPM_DROP_PHY,10,9,699722466163,37950
veh9,62235,,24.4473,0,CAM_DROP_PHY,3,9,62235,37987
veh9,62264,24.4507,,0,CAM,9,,62264,-1
veh9,699722466230,,24.4526,0,CPM_DROP_PHY,12,9,699722466230,38000
veh9,699722466197,,24.4546,0,CPM_DROP_PHY,5,9,699722466197,37964
veh9,699722466216,,24.4673,0,CPM_DROP_PHY,3,9,699722466216,37987
veh9,699722466256,,24.4723,0,CPM_DROP_PHY,6,9,699722466256,38031
veh9,699722466268,,24.4818,0,CPM_DROP_PHY,4,9,699722466268,38048
veh9,62333,,24.5058,0,CAM_DROP_PHY,2,9,62333,38098
veh9,699722466304,,24.5081,0,CPM_DROP_PHY,11,9,699722466304,38093
veh9,62338,,24.5081,0,CAM_DROP_PHY,11,9,62338,38093
veh9,63732,,24.5218,0,CAM_DROP_PHY,4,9,63732,38128
veh9,63714,,24.5256,0,CAM_DROP_PHY,5,9,63714,38109
veh9,699722467696,,24.5271,0,CPM_DROP_PHY,10,9,699722467696,38114
veh9,63762,,24.5326,0,CAM_DROP_PHY,12,9,63762,38149
veh9,63769,,24.5411,0,CAM_DROP_PHY,8,9,63769,38153
veh9,63775,,24.5473,0,CAM_DROP_PHY,3,9,63775,38160
veh9,63810,24.5507,,0,CAM,9,,63810,-1
veh9,699722467775,,24.5526,0,CPM_DROP_PHY,12,9,699722467775,38177
veh9,699722467730,,24.5546,0,CPM_DROP_PHY,5,9,699722467730,38134
veh9,699722467757,,24.5673,0,CPM_DROP_PHY,3,9,699722467757,38160
veh9,63814,,24.5723,0,CAM_DROP_PHY,6,9,63814,38201
veh9,699722467814,,24.5818,0,CPM_DROP_PHY,4,9,699722467814,38234
veh9,699722467803,,24.5923,0,CPM_DROP_PHY,6,9,699722467803,38201
veh9,699722467852,,24.6081,0,CPM_DROP_PHY,11,9,699722467852,38290
veh9,699722467946,,24.6271,0,CPM_DROP_PHY,10,9,699722467946,38308
veh9,699722467990,,24.6473,0,CPM_DROP_PHY,3,9,699722467990,38339
veh9,64007,,24.6498,0,CAM_DROP_PHY,8,9,64007,38332
veh9,64038,24.6507,,0,CAM,9,,64038,-1
veh9,699722468003,,24.6526,0,CPM_DROP_PHY,12,9,699722468003,38343
veh9,699722467972,,24.6546,0,CPM_DROP_PHY,5,9,699722467972,38318
veh9,699722468029,,24.6723,0,CPM_DROP_PHY,6,9,699722468029,38381
veh9,699722468040,,24.6818,0,CPM_DROP_PHY,4,9,699722468040,38398
veh9,699722468070,,24.6898,0,CPM_DROP_PHY,8,9,699722468070,38429
veh9,64111,,24.7058,0,CAM_DROP_PHY,2,9,64111,38449
veh9,699722468082,,24.7081,0,CPM_DROP_PHY,11,9,699722468082,38441
veh9,64197,,24.7256,0,CAM_DROP_PHY,5,9,64197,38459
veh9,699722468178,,24.7271,0,CPM_DROP_PHY,10,9,699722468178,38464
veh9,699722468208,,24.7346,0,CPM_DROP_PHY,5,9,699722468208,38481
veh9,64249,,24.7473,0,CAM_DROP_PHY,3,9,64249,38503
veh9,699722468230,,24.7473,0,CPM_DROP_PHY,3,9,699722468230,38503
veh9,64244,,24.7498,0,CAM_DROP_PHY,8,9,64244,38501
veh9,699722468243,,24.7503,0,CPM_DROP_PHY,12,9,699722468243,38511
veh9,64279,24.7507,,0,CAM,9,,64279,-1
veh9,699722468269,,24.7723,0,CPM_DROP_PHY,6,9,699722468269,38554
veh9,699722468281,,24.7818,0,CPM_DROP_PHY,4,9,699722468281,38563
veh9,699722468316,,24.8081,0,CPM_DROP_PHY,11,9,699722468316,38598
veh9,64434,,24.8218,0,CAM_DROP_PHY,4,9,64434,38622
veh9,699722468404,,24.8258,0,CPM_DROP_PHY,2,9,699722468404,38616
veh9,699722468399,,24.8271,0,CPM_DROP_PHY,10,9,699722468399,38612
veh9,699722468429,,24.8456,0,CPM_DROP_PHY,5,9,699722468429,38626
veh9,699722468446,,24.8473,0,CPM_DROP_PHY,3,9,699722468446,38655
veh9,699722468233,,24.8501,0,CPM_DROP_PHY,7,9,699722468233,38508
veh9,699722468450,,24.8501,0,CPM_DROP_PHY,7,9,699722468450,38659
veh9,699722468462,,24.8503,0,CPM_DROP_PHY,12,9,699722468462,38663
veh9,64499,24.8507,,0,CAM,9,,64499,-1
veh9,64482,,24.8701,0,CAM_DROP_PHY,7,9,64482,38659
veh9,64503,,24.8723,0,CAM_DROP_PHY,6,9,64503,38688
veh9,699722468500,,24.8818,0,CPM_DROP_PHY,4,9,699722468500,38709
veh9,699722468491,,24.8923,0,CPM_DROP_PHY,6,9,699722468491,38688
